driver_label,trip_start,x,y
0.0,1.0,0.0,0.0
0.0,0.0,5.5,1.4
0.0,0.0,7.7,1.7
0.0,0.0,7.7,1.6
0.0,0.0,8.9,1.8
0.0,0.0,8.9,1.5
0.0,0.0,8.9,1.5
0.0,0.0,10.1,1.5
0.0,0.0,10.1,1.5
0.0,0.0,10.1,1.5
0.0,0.0,11.2,1.8
0.0,0.0,11.2,1.8
0.0,0.0,11.2,1.8
0.0,0.0,12.2,2.3
0.0,0.0,12.2,2.3
0.0,0.0,12.2,2.4
0.0,0.0,13.2,2.7
0.0,0.0,13.2,2.8
0.0,0.0,13.2,2.8
0.0,0.0,13.2,2.9
0.0,0.0,13.2,2.9
0.0,0.0,13.1,3.0
0.0,0.0,13.1,3.0
0.0,0.0,13.1,3.2
0.0,0.0,12.0,2.8
0.0,0.0,12.0,2.8
0.0,0.0,12.1,2.7
0.0,0.0,11.0,2.2
0.0,0.0,12.3,2.1
0.0,0.0,12.5,1.2
0.0,0.0,12.9,0.3
0.0,0.0,12.1,-1.0
0.0,0.0,12.4,-1.8
0.0,0.0,11.7,-3.4
0.0,0.0,11.0,-4.9
0.0,0.0,10.1,-5.8
0.0,0.0,10.2,-5.9
0.0,0.0,10.2,-5.9
0.0,0.0,10.2,-6.1
0.0,0.0,12.7,-6.5
0.0,0.0,16.7,-7.8
0.0,0.0,21.1,-10.4
0.0,0.0,26.6,-12.9
0.0,0.0,31.3,-16.0
0.0,0.0,35.6,-18.5
0.0,0.0,40.6,-19.4
0.0,0.0,45.2,-18.9
0.0,0.0,50.6,-17.5
0.0,0.0,55.9,-15.5
0.0,0.0,62.2,-13.2
0.0,0.0,66.6,-12.0
0.0,0.0,71.2,-11.9
0.0,0.0,75.3,-13.7
0.0,0.0,78.8,-16.9
0.0,0.0,80.5,-22.2
0.0,0.0,81.7,-29.3
0.0,0.0,83.2,-37.3
0.0,0.0,85.7,-44.9
0.0,0.0,87.0,-52.7
0.0,0.0,89.4,-59.6
0.0,0.0,91.6,-66.3
0.0,0.0,93.5,-72.0
0.0,0.0,95.0,-76.9
0.0,0.0,98.1,-79.2
0.0,0.0,102.0,-79.9
0.0,0.0,108.2,-77.5
0.0,0.0,114.5,-74.8
0.0,0.0,121.9,-72.2
0.0,0.0,130.5,-69.4
0.0,0.0,139.2,-67.0
0.0,0.0,147.0,-65.6
0.0,0.0,154.9,-64.5
0.0,0.0,164.1,-63.6
0.0,0.0,172.2,-62.9
0.0,0.0,180.3,-62.3
0.0,0.0,188.1,-61.2
0.0,0.0,196.1,-60.3
0.0,0.0,203.4,-60.9
0.0,0.0,208.8,-62.7
0.0,0.0,213.3,-65.7
0.0,0.0,217.1,-70.1
0.0,0.0,217.6,-75.0
0.0,0.0,217.9,-79.4
0.0,0.0,218.0,-83.5
0.0,0.0,217.9,-86.9
0.0,0.0,217.6,-89.5
0.0,0.0,215.9,-91.3
0.0,0.0,215.3,-93.1
0.0,0.0,215.0,-95.7
0.0,0.0,215.1,-99.6
0.0,0.0,214.6,-105.2
0.0,0.0,214.4,-111.7
0.0,0.0,213.2,-119.0
0.0,0.0,214.2,-125.6
0.0,0.0,212.1,-133.5
0.0,0.0,211.1,-141.2
0.0,0.0,210.1,-148.8
0.0,0.0,209.0,-156.2
0.0,0.0,208.8,-162.8
0.0,0.0,209.7,-168.9
0.0,0.0,210.4,-174.8
0.0,0.0,209.9,-180.4
0.0,0.0,209.1,-185.1
0.0,0.0,209.9,-187.5
0.0,0.0,209.1,-188.5
0.0,0.0,209.0,-188.3
0.0,0.0,209.0,-188.3
0.0,0.0,209.0,-188.2
0.0,0.0,209.0,-188.2
0.0,0.0,209.0,-188.1
0.0,0.0,207.9,-188.4
0.0,0.0,207.9,-188.4
0.0,0.0,207.8,-188.2
0.0,0.0,207.8,-188.2
0.0,0.0,207.8,-188.0
0.0,0.0,207.8,-188.0
0.0,0.0,207.7,-187.9
0.0,0.0,207.7,-187.8
0.0,0.0,206.6,-188.1
0.0,0.0,206.6,-188.0
0.0,0.0,206.6,-188.0
0.0,0.0,206.5,-187.9
0.0,0.0,206.5,-187.8
0.0,0.0,206.5,-187.6
0.0,0.0,206.4,-187.6
0.0,0.0,206.4,-187.5
0.0,0.0,206.4,-187.3
0.0,0.0,206.3,-187.3
0.0,0.0,205.1,-187.5
0.0,0.0,205.1,-187.4
0.0,0.0,205.1,-187.2
0.0,0.0,204.0,-187.6
0.0,0.0,204.0,-187.5
0.0,0.0,204.0,-187.5
0.0,0.0,203.9,-187.5
0.0,0.0,203.9,-187.3
0.0,0.0,203.9,-187.2
0.0,0.0,202.8,-187.5
0.0,0.0,202.8,-187.4
0.0,0.0,202.8,-187.4
0.0,0.0,202.8,-187.4
0.0,0.0,202.8,-187.4
0.0,0.0,201.7,-187.7
0.0,0.0,201.6,-187.6
0.0,0.0,201.6,-187.6
0.0,0.0,201.6,-187.5
0.0,0.0,201.6,-187.5
0.0,0.0,201.6,-187.5
0.0,0.0,200.5,-187.7
0.0,0.0,200.5,-187.7
0.0,0.0,200.5,-187.6
0.0,0.0,200.4,-187.5
0.0,0.0,200.4,-187.4
0.0,0.0,200.4,-187.4
0.0,0.0,200.4,-187.3
0.0,0.0,199.3,-187.6
0.0,0.0,199.3,-187.6
0.0,0.0,199.3,-187.6
0.0,0.0,199.3,-187.6
0.0,0.0,199.3,-187.6
0.0,1.0,0.0,0.0
0.0,0.0,1.5,0.8
0.0,0.0,2.5,1.7
0.0,0.0,3.2,2.6
0.0,0.0,3.6,2.6
0.0,0.0,3.7,2.5
0.0,0.0,3.7,2.5
0.0,0.0,3.7,2.5
0.0,0.0,3.7,2.5
0.0,0.0,3.7,2.5
0.0,0.0,3.7,2.5
0.0,0.0,3.7,2.5
0.0,0.0,3.7,2.5
0.0,0.0,3.6,2.6
0.0,0.0,3.7,2.5
0.0,0.0,4.1,3.6
0.0,0.0,4.1,3.6
0.0,0.0,4.1,3.6
0.0,0.0,4.8,4.6
0.0,0.0,5.8,5.5
0.0,0.0,6.6,8.8
0.0,0.0,6.5,12.2
0.0,0.0,6.1,16.9
0.0,0.0,5.4,21.8
0.0,0.0,4.4,26.6
0.0,0.0,3.7,32.6
0.0,0.0,2.8,39.7
0.0,0.0,1.8,46.9
0.0,0.0,0.8,55.2
0.0,0.0,-0.2,63.6
0.0,0.0,-1.4,72.0
0.0,0.0,-3.0,80.5
0.0,0.0,-5.7,89.3
0.0,0.0,-9.0,98.2
0.0,0.0,-12.7,107.3
0.0,0.0,-17.1,115.3
0.0,0.0,-21.9,124.6
0.0,0.0,-26.8,133.9
0.0,0.0,-31.8,143.2
0.0,0.0,-36.8,151.4
0.0,0.0,-40.4,161.7
0.0,0.0,-42.8,170.4
0.0,0.0,-43.3,180.9
0.0,0.0,-43.2,190.1
0.0,0.0,-42.2,200.4
0.0,0.0,-41.3,209.4
0.0,0.0,-40.2,218.4
0.0,0.0,-39.2,225.1
0.0,0.0,-38.4,230.6
0.0,0.0,-37.7,235.1
0.0,0.0,-37.3,238.5
0.0,0.0,-37.2,239.6
0.0,0.0,-37.1,240.7
0.0,0.0,-37.0,241.8
0.0,0.0,-37.0,241.8
0.0,0.0,-37.0,241.8
0.0,0.0,-37.1,241.9
0.0,0.0,-37.1,241.9
0.0,0.0,-37.3,240.8
0.0,0.0,-37.3,240.8
0.0,0.0,-37.3,240.8
0.0,0.0,-37.3,240.8
0.0,0.0,-37.5,240.8
0.0,0.0,-37.3,241.9
0.0,0.0,-37.4,244.2
0.0,0.0,-37.8,246.6
0.0,0.0,-39.2,249.3
0.0,0.0,-42.3,251.2
0.0,0.0,-46.8,253.5
0.0,0.0,-52.3,254.8
0.0,0.0,-58.7,255.3
0.0,0.0,-66.1,257.1
0.0,0.0,-75.6,258.2
0.0,0.0,-86.1,259.6
0.0,0.0,-97.1,262.4
0.0,0.0,-109.0,263.0
0.0,0.0,-121.0,264.7
0.0,0.0,-134.0,265.5
0.0,0.0,-147.1,266.4
0.0,0.0,-159.8,268.5
0.0,0.0,-173.0,269.3
0.0,0.0,-186.0,270.2
0.0,0.0,-199.1,271.1
0.0,0.0,-211.9,273.0
0.0,0.0,-224.7,273.9
0.0,0.0,-237.0,275.8
0.0,0.0,-249.3,277.5
0.0,0.0,-261.8,278.3
0.0,0.0,-273.7,280.1
0.0,0.0,-285.6,281.9
0.0,0.0,-297.8,282.5
0.0,0.0,-309.6,284.2
0.0,0.0,-321.7,284.9
0.0,0.0,-333.5,285.4
0.0,0.0,-345.5,286.0
0.0,0.0,-357.3,286.6
0.0,0.0,-369.2,287.3
0.0,0.0,-381.2,286.8
0.0,0.0,-393.5,286.2
0.0,0.0,-405.6,285.7
0.0,0.0,-417.9,285.2
0.0,0.0,-430.4,283.7
0.0,0.0,-442.9,282.1
0.0,0.0,-455.5,280.6
0.0,0.0,-468.3,277.8
0.0,0.0,-481.0,276.3
0.0,0.0,-494.3,272.6
0.0,0.0,-507.4,268.9
0.0,0.0,-520.2,266.1
0.0,0.0,-533.0,262.4
0.0,0.0,-546.0,258.5
0.0,0.0,-558.2,255.8
0.0,0.0,-570.5,251.7
0.0,0.0,-582.0,249.9
0.0,0.0,-592.9,246.8
0.0,0.0,-603.0,244.6
0.0,0.0,-612.2,243.4
0.0,0.0,-620.5,242.0
0.0,0.0,-628.2,240.3
0.0,0.0,-634.3,240.6
0.0,0.0,-639.6,239.7
0.0,0.0,-643.7,239.5
0.0,0.0,-647.6,238.2
0.0,0.0,-649.9,238.7
0.0,0.0,-651.1,239.0
0.0,0.0,-651.8,238.1
0.0,0.0,-651.8,238.1
0.0,0.0,-651.7,238.0
0.0,0.0,-651.3,239.1
0.0,0.0,-651.2,239.1
0.0,0.0,-651.2,239.1
0.0,0.0,-651.1,239.0
0.0,0.0,-651.0,239.0
0.0,0.0,-651.0,239.0
0.0,0.0,-650.9,239.0
0.0,0.0,-650.8,238.9
0.0,0.0,-650.8,238.9
0.0,0.0,-650.7,238.9
0.0,0.0,-650.7,238.9
0.0,0.0,-650.7,238.9
0.0,0.0,-650.6,238.9
0.0,0.0,-650.6,238.9
0.0,0.0,-650.5,238.9
0.0,0.0,-650.5,238.9
0.0,0.0,-650.5,238.9
0.0,0.0,-650.4,238.9
0.0,0.0,-650.4,238.9
0.0,0.0,-650.4,238.9
0.0,0.0,-650.4,238.9
0.0,0.0,-650.4,238.9
0.0,0.0,-650.6,238.9
0.0,0.0,-652.0,239.3
0.0,0.0,-655.9,237.9
0.0,0.0,-661.1,238.0
0.0,0.0,-666.9,238.3
0.0,0.0,-673.9,237.7
0.0,0.0,-682.1,238.6
0.0,0.0,-691.4,239.7
0.0,0.0,-701.7,239.9
0.0,0.0,-712.1,241.3
0.0,0.0,-725.5,242.3
0.0,0.0,-737.9,244.1
0.0,0.0,-750.5,246.1
0.0,0.0,-763.3,248.1
0.0,0.0,-776.3,250.1
0.0,0.0,-789.6,252.2
0.0,0.0,-802.6,255.4
0.0,0.0,-816.2,256.4
0.0,0.0,-829.6,258.5
0.0,0.0,-843.1,260.7
0.0,0.0,-856.4,262.8
0.0,0.0,-869.7,266.1
0.0,0.0,-883.0,268.2
0.0,0.0,-896.3,271.3
0.0,0.0,-909.3,274.6
0.0,0.0,-922.2,277.8
0.0,0.0,-935.1,280.9
0.0,0.0,-947.6,285.2
0.0,0.0,-960.3,288.3
0.0,0.0,-972.8,292.5
0.0,0.0,-985.3,296.8
0.0,0.0,-997.9,301.0
0.0,0.0,-1010.3,305.2
0.0,0.0,-1022.8,309.5
0.0,0.0,-1034.9,314.7
0.0,0.0,-1047.4,319.0
0.0,0.0,-1059.5,324.3
0.0,0.0,-1071.8,328.5
0.0,0.0,-1083.8,333.8
0.0,0.0,-1095.2,340.1
0.0,0.0,-1106.6,346.4
0.0,0.0,-1118.0,352.7
0.0,0.0,-1129.3,358.9
0.0,0.0,-1140.6,365.2
0.0,0.0,-1151.5,372.5
0.0,0.0,-1162.3,379.8
0.0,0.0,-1173.3,386.0
0.0,0.0,-1184.0,393.3
0.0,0.0,-1194.6,400.5
0.0,0.0,-1205.1,407.7
0.0,0.0,-1215.7,415.0
0.0,0.0,-1226.0,422.2
0.0,0.0,-1235.8,429.3
0.0,0.0,-1244.9,434.9
0.0,0.0,-1252.9,440.4
0.0,0.0,-1259.8,444.5
0.0,0.0,-1265.2,448.1
0.0,0.0,-1269.6,450.3
0.0,0.0,-1273.3,451.2
0.0,0.0,-1276.3,450.8
0.0,0.0,-1279.0,449.2
0.0,0.0,-1281.8,447.5
0.0,0.0,-1284.2,444.7
0.0,0.0,-1285.7,443.9
0.0,0.0,-1287.6,442.1
0.0,0.0,-1289.9,439.1
0.0,0.0,-1291.6,437.2
0.0,0.0,-1292.4,436.3
0.0,0.0,-1292.6,435.2
0.0,0.0,-1292.4,435.2
0.0,0.0,-1292.3,435.1
0.0,0.0,-1292.1,435.1
0.0,0.0,-1291.9,435.0
0.0,0.0,-1291.5,436.1
0.0,0.0,-1291.3,436.0
0.0,0.0,-1291.2,436.0
0.0,0.0,-1291.1,436.0
0.0,0.0,-1291.0,435.9
0.0,0.0,-1290.9,435.9
0.0,0.0,-1290.7,435.9
0.0,0.0,-1290.5,435.8
0.0,0.0,-1290.5,435.8
0.0,0.0,-1290.5,435.8
0.0,0.0,-1290.4,435.8
0.0,0.0,-1290.3,435.8
0.0,0.0,-1290.2,435.8
0.0,0.0,-1290.0,435.7
0.0,0.0,-1290.0,435.7
0.0,0.0,-1289.9,435.7
0.0,0.0,-1289.9,435.7
0.0,0.0,-1289.9,435.7
0.0,0.0,-1289.9,435.7
0.0,0.0,-1289.9,435.7
0.0,0.0,-1289.7,435.6
0.0,0.0,-1289.7,435.6
0.0,0.0,-1289.7,435.6
0.0,0.0,-1289.7,435.6
0.0,0.0,-1289.7,435.6
0.0,0.0,-1289.7,435.6
0.0,0.0,-1289.7,435.6
0.0,0.0,-1289.7,435.6
0.0,0.0,-1289.9,434.5
0.0,0.0,-1289.8,434.5
0.0,0.0,-1289.8,434.5
0.0,0.0,-1289.8,434.5
0.0,0.0,-1289.8,434.5
0.0,0.0,-1289.8,434.5
0.0,0.0,-1289.8,434.5
0.0,0.0,-1289.8,434.5
0.0,0.0,-1289.7,434.5
0.0,0.0,-1289.7,434.5
0.0,0.0,-1289.7,434.5
0.0,0.0,-1289.7,434.5
0.0,0.0,-1289.7,434.5
0.0,0.0,-1289.7,434.5
0.0,0.0,-1289.6,434.5
0.0,0.0,-1289.6,434.5
0.0,0.0,-1289.6,434.5
0.0,0.0,-1289.6,434.5
0.0,0.0,-1289.6,434.5
0.0,0.0,-1289.6,434.5
0.0,0.0,-1289.6,434.5
0.0,0.0,-1289.5,434.4
0.0,0.0,-1289.5,434.4
0.0,0.0,-1289.5,434.4
0.0,0.0,-1289.5,434.4
0.0,0.0,-1289.5,434.4
0.0,0.0,-1289.5,434.4
0.0,0.0,-1289.5,434.4
0.0,0.0,-1289.5,434.4
0.0,0.0,-1289.4,434.4
0.0,0.0,-1289.6,433.3
0.0,0.0,-1289.6,433.3
0.0,1.0,0.0,0.0
0.0,0.0,-12.5,-1.7
0.0,0.0,-26.0,-4.1
0.0,0.0,-39.7,-6.2
0.0,0.0,-53.2,-8.5
0.0,0.0,-65.9,-10.1
0.0,0.0,-78.5,-11.6
0.0,0.0,-90.2,-12.6
0.0,0.0,-100.7,-13.1
0.0,0.0,-111.0,-14.1
0.0,0.0,-118.9,-14.4
0.0,0.0,-125.6,-14.8
0.0,0.0,-129.9,-14.3
0.0,0.0,-133.9,-14.5
0.0,0.0,-135.4,-14.3
0.0,0.0,-136.5,-14.6
0.0,0.0,-136.6,-14.5
0.0,0.0,-136.6,-14.5
0.0,0.0,-136.5,-14.6
0.0,0.0,-136.6,-14.5
0.0,0.0,-136.6,-14.5
0.0,0.0,-136.6,-14.5
0.0,0.0,-136.5,-14.6
0.0,0.0,-136.5,-14.7
0.0,0.0,-136.5,-14.7
0.0,0.0,-136.5,-14.7
0.0,0.0,-136.4,-14.9
0.0,0.0,-136.3,-15.0
0.0,0.0,-136.3,-15.0
0.0,0.0,-136.3,-15.0
0.0,0.0,-136.3,-15.2
0.0,0.0,-136.3,-15.2
0.0,0.0,-137.1,-15.8
0.0,0.0,-137.3,-15.7
0.0,0.0,-138.8,-15.5
0.0,0.0,-141.7,-15.1
0.0,0.0,-146.8,-15.5
0.0,0.0,-152.5,-15.3
0.0,0.0,-159.4,-15.2
0.0,0.0,-166.4,-14.8
0.0,0.0,-173.3,-14.6
0.0,0.0,-180.6,-14.0
0.0,0.0,-187.8,-13.5
0.0,0.0,-194.5,-11.6
0.0,0.0,-201.1,-10.1
0.0,0.0,-207.0,-9.4
0.0,0.0,-212.9,-8.7
0.0,0.0,-218.2,-8.9
0.0,0.0,-223.1,-7.8
0.0,0.0,-225.3,-8.6
0.0,0.0,-225.6,-8.1
0.0,0.0,-225.4,-8.3
0.0,0.0,-226.0,-9.4
0.0,0.0,-226.0,-9.6
0.0,0.0,-226.9,-10.1
0.0,0.0,-227.3,-9.5
0.0,0.0,-228.0,-8.6
0.0,0.0,-231.3,-7.6
0.0,0.0,-236.3,-6.4
0.0,0.0,-243.3,-6.0
0.0,0.0,-251.6,-5.9
0.0,0.0,-260.1,-5.5
0.0,0.0,-271.1,-5.6
0.0,0.0,-282.1,-5.4
0.0,0.0,-292.3,-4.6
0.0,0.0,-301.6,-2.9
0.0,0.0,-310.1,1.4
0.0,0.0,-318.2,11.2
0.0,0.0,-322.4,21.2
0.0,0.0,-323.8,33.2
0.0,0.0,-323.5,46.7
0.0,0.0,-320.7,60.6
0.0,0.0,-316.5,74.5
0.0,0.0,-313.4,90.0
0.0,0.0,-309.1,107.8
0.0,0.0,-304.1,126.5
0.0,0.0,-299.4,145.7
0.0,0.0,-296.1,164.8
0.0,0.0,-294.1,184.0
0.0,0.0,-292.7,203.9
0.0,0.0,-292.7,224.0
0.0,0.0,-294.9,243.2
0.0,0.0,-298.6,264.6
0.0,0.0,-304.8,287.7
0.0,0.0,-312.6,306.9
0.0,0.0,-319.0,326.2
0.0,0.0,-329.7,343.7
0.0,0.0,-343.4,359.8
0.0,0.0,-359.2,374.6
0.0,0.0,-376.2,389.1
0.0,0.0,-393.0,403.4
0.0,0.0,-410.5,416.8
0.0,0.0,-429.2,429.9
0.0,0.0,-447.2,443.9
0.0,0.0,-465.4,458.1
0.0,0.0,-483.6,472.6
0.0,0.0,-501.7,486.7
0.0,0.0,-519.6,500.7
0.0,0.0,-536.0,514.4
0.0,0.0,-550.5,525.3
0.0,0.0,-565.0,536.4
0.0,0.0,-580.0,546.1
0.0,0.0,-591.8,555.3
0.0,0.0,-603.2,563.7
0.0,0.0,-612.6,573.5
0.0,0.0,-620.4,582.9
0.0,0.0,-627.1,592.6
0.0,0.0,-632.8,602.7
0.0,0.0,-637.1,613.0
0.0,0.0,-642.0,622.2
0.0,0.0,-648.4,629.4
0.0,0.0,-655.5,633.9
0.0,0.0,-664.0,636.2
0.0,0.0,-674.3,637.1
0.0,0.0,-685.3,639.3
0.0,0.0,-696.7,643.8
0.0,0.0,-707.8,649.8
0.0,0.0,-718.2,657.1
0.0,0.0,-728.8,664.4
0.0,0.0,-740.9,672.1
0.0,0.0,-753.6,680.5
0.0,0.0,-765.7,690.1
0.0,0.0,-779.2,699.7
0.0,0.0,-792.9,709.4
0.0,0.0,-806.5,719.2
0.0,0.0,-820.1,729.0
0.0,0.0,-833.9,738.9
0.0,0.0,-847.7,749.1
0.0,0.0,-861.7,759.2
0.0,0.0,-876.5,768.7
0.0,0.0,-890.2,778.6
0.0,0.0,-903.5,788.0
0.0,0.0,-917.4,796.0
0.0,0.0,-929.5,803.7
0.0,0.0,-941.1,810.4
0.0,0.0,-950.8,816.7
0.0,0.0,-961.1,821.6
0.0,0.0,-968.0,827.7
0.0,0.0,-972.4,834.1
0.0,0.0,-972.2,841.7
0.0,0.0,-969.6,849.6
0.0,0.0,-964.2,857.8
0.0,0.0,-952.2,866.3
0.0,0.0,-940.6,873.4
0.0,0.0,-929.1,878.6
0.0,0.0,-915.7,883.1
0.0,0.0,-901.2,886.1
0.0,0.0,-884.4,885.5
0.0,0.0,-870.0,884.7
0.0,0.0,-854.1,883.6
0.0,0.0,-840.1,879.3
0.0,0.0,-824.2,876.1
0.0,0.0,-808.2,873.0
0.0,0.0,-790.3,870.9
0.0,0.0,-772.8,867.7
0.0,0.0,-758.0,864.1
0.0,0.0,-740.8,861.2
0.0,0.0,-722.5,858.6
0.0,0.0,-704.2,856.1
0.0,0.0,-684.9,854.2
0.0,0.0,-665.2,853.5
0.0,0.0,-645.7,853.3
0.0,0.0,-628.3,852.1
0.0,0.0,-611.4,851.5
0.0,0.0,-595.6,850.6
0.0,0.0,-580.2,850.1
0.0,0.0,-565.1,850.1
0.0,0.0,-550.3,850.7
0.0,0.0,-533.9,852.9
0.0,0.0,-517.1,856.6
0.0,0.0,-501.8,860.3
0.0,0.0,-485.8,865.0
0.0,0.0,-471.9,868.9
0.0,0.0,-458.3,873.0
0.0,0.0,-446.0,877.0
0.0,0.0,-433.2,882.4
0.0,0.0,-420.6,888.0
0.0,0.0,-407.0,894.2
0.0,0.0,-394.1,899.5
0.0,0.0,-381.5,903.1
0.0,0.0,-367.1,906.1
0.0,0.0,-353.0,907.5
0.0,0.0,-338.6,908.6
0.0,0.0,-324.5,908.2
0.0,0.0,-311.2,908.7
0.0,0.0,-298.2,907.8
0.0,0.0,-286.1,906.2
0.0,0.0,-273.9,904.4
0.0,0.0,-261.7,902.6
0.0,0.0,-249.3,900.5
0.0,0.0,-235.8,899.0
0.0,0.0,-223.5,897.0
0.0,0.0,-209.2,896.2
0.0,0.0,-196.7,894.0
0.0,0.0,-184.3,892.0
0.0,0.0,-173.0,889.5
0.0,0.0,-163.7,885.8
0.0,0.0,-154.9,881.1
0.0,0.0,-147.6,874.5
0.0,0.0,-140.8,866.7
0.0,0.0,-133.7,858.3
0.0,0.0,-126.6,850.0
0.0,0.0,-120.7,841.4
0.0,0.0,-115.0,833.2
0.0,0.0,-109.5,825.2
0.0,0.0,-105.6,815.6
0.0,0.0,-100.6,806.3
0.0,0.0,-94.8,797.9
0.0,0.0,-86.2,791.3
0.0,0.0,-76.9,785.8
0.0,0.0,-66.7,781.1
0.0,0.0,-55.8,777.1
0.0,0.0,-46.4,771.6
0.0,0.0,-36.9,765.7
0.0,0.0,-27.9,758.6
0.0,0.0,-17.8,751.9
0.0,0.0,-7.4,744.9
0.0,0.0,2.1,736.8
0.0,0.0,12.7,729.6
0.0,0.0,22.0,722.0
0.0,0.0,32.2,715.2
0.0,0.0,42.0,709.0
0.0,0.0,50.4,702.6
0.0,0.0,58.2,697.4
0.0,0.0,64.4,692.3
0.0,0.0,69.8,688.4
0.0,0.0,74.5,685.6
0.0,0.0,77.2,683.6
0.0,0.0,78.2,682.2
0.0,0.0,78.6,681.6
0.0,0.0,79.7,681.9
0.0,0.0,79.8,681.8
0.0,0.0,79.8,681.8
0.0,0.0,79.8,681.8
0.0,0.0,79.8,681.8
0.0,0.0,79.8,681.8
0.0,0.0,79.7,681.9
0.0,0.0,79.6,682.2
0.0,0.0,79.6,682.2
0.0,0.0,79.5,682.2
0.0,0.0,79.5,682.3
0.0,0.0,79.6,682.0
0.0,0.0,81.5,681.3
0.0,0.0,84.1,679.4
0.0,0.0,86.4,676.3
0.0,0.0,90.1,673.0
0.0,0.0,95.2,669.3
0.0,0.0,100.0,664.5
0.0,0.0,104.5,659.9
0.0,0.0,108.9,655.5
0.0,0.0,113.3,651.0
0.0,0.0,115.9,645.3
0.0,0.0,114.3,637.8
0.0,0.0,112.0,629.2
0.0,0.0,110.1,620.2
0.0,0.0,107.3,610.2
0.0,0.0,104.7,600.1
0.0,0.0,102.8,590.9
0.0,0.0,100.8,581.9
0.0,0.0,99.5,574.0
0.0,0.0,97.6,566.7
0.0,0.0,95.7,559.7
0.0,0.0,94.5,553.5
0.0,0.0,93.0,547.7
0.0,0.0,92.1,543.2
0.0,0.0,91.3,540.3
0.0,0.0,91.0,538.8
0.0,0.0,90.3,537.9
0.0,0.0,90.4,537.7
0.0,0.0,90.3,537.9
0.0,0.0,90.2,537.9
0.0,0.0,90.3,537.9
0.0,0.0,90.5,537.5
0.0,0.0,90.3,535.9
0.0,0.0,90.5,533.7
0.0,0.0,92.4,530.9
0.0,0.0,95.3,528.7
0.0,0.0,100.0,527.7
0.0,0.0,104.8,526.7
0.0,0.0,110.3,526.7
0.0,0.0,116.7,527.3
0.0,0.0,122.1,527.3
0.0,0.0,128.5,528.0
0.0,0.0,134.0,527.9
0.0,0.0,139.7,527.6
0.0,0.0,145.1,527.5
0.0,0.0,149.6,527.1
0.0,0.0,151.8,525.8
0.0,0.0,155.0,525.0
0.0,0.0,157.4,523.6
0.0,0.0,159.3,520.8
0.0,0.0,161.0,516.3
0.0,0.0,163.2,511.1
0.0,0.0,164.9,504.7
0.0,0.0,167.5,499.1
0.0,0.0,170.0,493.4
0.0,0.0,172.4,488.0
0.0,0.0,175.1,482.1
0.0,0.0,177.4,476.8
0.0,0.0,180.1,472.9
0.0,0.0,182.0,470.1
0.0,0.0,186.2,469.9
0.0,0.0,190.0,470.3
0.0,0.0,194.4,471.8
0.0,0.0,197.2,473.6
0.0,0.0,199.3,476.6
0.0,0.0,199.7,479.8
0.0,0.0,199.2,482.5
0.0,0.0,199.0,484.8
0.0,0.0,198.4,485.7
0.0,0.0,198.2,486.0
0.0,0.0,198.0,486.3
0.0,0.0,197.8,486.5
0.0,0.0,197.7,486.7
0.0,0.0,197.6,486.9
0.0,0.0,198.4,487.7
0.0,0.0,198.3,487.8
0.0,0.0,198.3,487.8
0.0,0.0,198.4,487.7
0.0,0.0,197.4,487.1
0.0,0.0,197.4,487.1
0.0,0.0,197.4,487.1
0.0,0.0,197.4,487.1
0.0,0.0,197.4,487.1
0.0,0.0,197.4,487.1
0.0,0.0,197.4,487.1
0.0,0.0,197.4,487.1
0.0,0.0,198.4,487.7
0.0,0.0,198.4,487.7
0.0,0.0,198.4,487.7
0.0,0.0,198.4,487.7
0.0,0.0,198.4,487.6
0.0,0.0,197.5,486.9
0.0,0.0,197.6,486.9
0.0,0.0,197.6,486.9
0.0,0.0,197.7,486.8
0.0,0.0,197.7,486.8
0.0,0.0,197.7,486.8
0.0,0.0,197.7,486.7
0.0,0.0,197.8,486.6
0.0,0.0,197.8,486.6
0.0,0.0,197.8,486.5
0.0,0.0,197.9,486.4
0.0,0.0,197.9,486.4
0.0,0.0,197.8,486.5
0.0,0.0,197.8,486.5
0.0,0.0,197.8,486.5
0.0,0.0,197.8,486.5
0.0,0.0,197.9,486.4
0.0,0.0,198.0,486.3
0.0,0.0,197.1,485.6
0.0,0.0,197.1,485.6
0.0,0.0,197.2,485.5
0.0,0.0,197.2,485.5
0.0,0.0,197.2,485.5
0.0,0.0,197.2,485.4
0.0,0.0,197.2,485.4
0.0,0.0,197.3,485.3
0.0,0.0,197.3,485.3
0.0,0.0,197.4,485.2
0.0,0.0,197.4,485.2
0.0,0.0,197.4,485.2
0.0,0.0,197.4,485.2
0.0,0.0,197.5,485.1
0.0,0.0,197.5,485.1
0.0,1.0,0.0,0.0
0.0,0.0,10.7,7.5
0.0,0.0,20.1,16.2
0.0,0.0,28.8,26.7
0.0,0.0,36.2,37.7
0.0,0.0,43.8,48.6
0.0,0.0,52.0,61.2
0.0,0.0,60.7,71.5
0.0,0.0,71.0,81.1
0.0,0.0,82.4,90.6
0.0,0.0,94.0,99.5
0.0,0.0,104.6,108.0
0.0,0.0,116.2,116.7
0.0,0.0,127.8,125.5
0.0,0.0,138.3,134.2
0.0,0.0,151.0,143.3
0.0,0.0,162.6,152.0
0.0,0.0,175.3,161.4
0.0,0.0,186.8,170.5
0.0,0.0,199.5,179.9
0.0,0.0,212.1,189.2
0.0,0.0,223.9,197.5
0.0,0.0,237.0,205.2
0.0,0.0,251.4,212.6
0.0,0.0,264.7,219.3
0.0,0.0,278.2,226.0
0.0,0.0,291.5,232.9
0.0,0.0,305.0,239.6
0.0,0.0,318.3,246.4
0.0,0.0,331.6,253.2
0.0,0.0,345.0,260.3
0.0,0.0,358.3,267.1
0.0,0.0,371.8,273.4
0.0,0.0,385.5,279.2
0.0,0.0,399.2,284.7
0.0,0.0,413.0,290.1
0.0,0.0,425.8,295.0
0.0,0.0,438.5,299.7
0.0,0.0,449.9,305.1
0.0,0.0,460.8,312.0
0.0,0.0,470.4,319.9
0.0,0.0,479.6,328.6
0.0,0.0,488.7,338.2
0.0,0.0,497.5,348.3
0.0,0.0,505.4,357.8
0.0,0.0,513.5,366.6
0.0,0.0,519.6,373.8
0.0,0.0,525.0,379.6
0.0,0.0,527.5,383.1
0.0,0.0,529.3,384.8
0.0,0.0,529.2,385.1
0.0,0.0,529.2,385.2
0.0,0.0,532.5,385.6
0.0,0.0,535.5,383.7
0.0,0.0,537.8,379.5
0.0,0.0,540.5,374.0
0.0,0.0,543.6,367.0
0.0,0.0,546.2,358.2
0.0,0.0,549.0,348.2
0.0,0.0,553.2,337.8
0.0,0.0,557.4,326.9
0.0,0.0,560.8,314.8
0.0,0.0,565.6,302.3
0.0,0.0,571.5,289.5
0.0,0.0,577.6,276.2
0.0,0.0,584.8,263.3
0.0,0.0,590.9,250.0
0.0,0.0,598.2,236.7
0.0,0.0,603.3,222.8
0.0,0.0,608.6,208.4
0.0,0.0,613.8,194.0
0.0,0.0,617.1,178.6
0.0,0.0,620.2,163.1
0.0,0.0,622.4,147.1
0.0,0.0,624.5,131.2
0.0,0.0,626.7,115.5
0.0,0.0,628.7,100.0
0.0,0.0,630.7,84.3
0.0,0.0,634.0,68.7
0.0,0.0,636.1,52.6
0.0,0.0,640.6,36.8
0.0,0.0,645.2,20.8
0.0,0.0,650.8,5.1
0.0,0.0,656.4,-10.6
0.0,0.0,662.0,-26.3
0.0,0.0,668.9,-42.1
0.0,0.0,675.8,-58.0
0.0,0.0,683.8,-73.7
0.0,0.0,690.6,-89.5
0.0,0.0,698.4,-104.8
0.0,0.0,705.2,-120.2
0.0,0.0,711.9,-135.6
0.0,0.0,718.5,-150.8
0.0,0.0,725.1,-165.6
0.0,0.0,729.3,-180.7
0.0,0.0,732.4,-195.7
0.0,0.0,735.4,-210.5
0.0,0.0,739.8,-226.1
0.0,0.0,747.1,-239.2
0.0,0.0,756.2,-250.4
0.0,0.0,766.3,-261.3
0.0,0.0,777.4,-271.5
0.0,0.0,787.3,-281.4
0.0,0.0,797.1,-291.2
0.0,0.0,806.9,-301.0
0.0,0.0,815.6,-310.9
0.0,0.0,824.0,-320.1
0.0,0.0,833.5,-328.5
0.0,0.0,841.6,-336.4
0.0,0.0,850.5,-343.0
0.0,0.0,858.0,-348.9
0.0,0.0,865.2,-353.5
0.0,0.0,870.9,-357.0
0.0,0.0,874.9,-358.9
0.0,0.0,877.5,-360.0
0.0,0.0,880.9,-359.9
0.0,0.0,883.3,-359.6
0.0,0.0,884.3,-359.3
0.0,0.0,884.3,-359.2
0.0,0.0,884.2,-359.0
0.0,0.0,884.2,-358.9
0.0,0.0,884.2,-358.8
0.0,0.0,883.0,-358.9
0.0,0.0,883.0,-358.8
0.0,0.0,883.0,-358.7
0.0,0.0,882.9,-358.5
0.0,0.0,882.9,-358.4
0.0,0.0,882.9,-358.2
0.0,0.0,882.8,-358.2
0.0,0.0,882.8,-358.0
0.0,0.0,882.8,-357.9
0.0,0.0,882.8,-357.9
0.0,0.0,882.7,-357.6
0.0,0.0,881.4,-357.6
0.0,0.0,881.4,-357.4
0.0,0.0,880.3,-357.5
0.0,0.0,879.2,-357.8
0.0,0.0,878.1,-358.0
0.0,0.0,876.9,-358.1
0.0,0.0,874.7,-358.4
0.0,0.0,873.5,-358.2
0.0,0.0,873.4,-357.9
0.0,0.0,873.8,-359.1
0.0,0.0,876.9,-361.9
0.0,0.0,879.5,-366.8
0.0,0.0,882.3,-372.8
0.0,0.0,886.5,-379.6
0.0,0.0,891.1,-387.2
0.0,0.0,894.7,-395.9
0.0,0.0,898.5,-404.9
0.0,0.0,901.0,-414.1
0.0,0.0,903.4,-422.7
0.0,0.0,905.7,-430.3
0.0,0.0,906.4,-437.1
0.0,0.0,908.9,-441.8
0.0,0.0,912.0,-444.9
0.0,0.0,914.8,-446.6
0.0,0.0,918.6,-447.3
0.0,0.0,922.2,-447.9
0.0,0.0,925.0,-449.6
0.0,0.0,925.7,-452.1
0.0,0.0,925.2,-454.3
0.0,0.0,924.4,-455.5
0.0,0.0,923.4,-456.1
0.0,0.0,923.4,-456.2
0.0,0.0,923.4,-456.1
0.0,0.0,923.4,-456.1
0.0,0.0,923.4,-456.1
0.0,0.0,923.4,-456.1
0.0,0.0,923.4,-455.9
0.0,0.0,923.4,-455.9
0.0,0.0,923.3,-455.8
0.0,0.0,923.3,-455.7
0.0,0.0,923.3,-455.7
0.0,0.0,923.3,-455.6
0.0,0.0,923.3,-455.6
0.0,0.0,923.3,-455.6
0.0,0.0,923.2,-455.5
0.0,0.0,923.2,-455.5
0.0,0.0,923.2,-455.4
0.0,0.0,923.2,-455.4
0.0,0.0,923.2,-455.3
0.0,0.0,923.2,-455.3
0.0,0.0,923.2,-455.3
0.0,0.0,923.2,-455.3
0.0,0.0,923.2,-455.3
0.0,0.0,923.2,-455.3
0.0,0.0,923.2,-455.3
0.0,0.0,923.1,-455.1
0.0,0.0,923.1,-455.1
0.0,0.0,923.1,-455.1
0.0,0.0,923.1,-455.0
0.0,0.0,923.1,-455.0
0.0,0.0,923.1,-455.0
0.0,0.0,923.1,-454.9
0.0,0.0,923.1,-454.9
0.0,0.0,923.1,-454.9
0.0,0.0,923.0,-454.8
0.0,0.0,923.0,-454.8
0.0,0.0,923.0,-454.8
0.0,0.0,923.0,-454.7
0.0,0.0,923.0,-454.7
0.0,0.0,923.0,-454.7
0.0,0.0,923.0,-454.7
0.0,0.0,923.0,-454.7
0.0,0.0,923.0,-454.6
0.0,0.0,923.0,-454.6
0.0,0.0,923.0,-454.6
0.0,0.0,923.0,-454.6
0.0,0.0,923.0,-454.6
0.0,0.0,922.9,-454.5
0.0,0.0,922.9,-454.5
0.0,0.0,922.9,-454.5
0.0,0.0,922.9,-454.5
0.0,0.0,922.9,-454.5
0.0,0.0,922.9,-454.5
0.0,0.0,922.9,-454.5
0.0,0.0,922.9,-454.5
0.0,0.0,924.0,-454.1
0.0,0.0,924.0,-454.1
0.0,0.0,924.0,-454.1
0.0,0.0,924.0,-454.1
0.0,0.0,924.0,-454.1
0.0,0.0,924.0,-454.1
0.0,0.0,924.0,-454.1
0.0,0.0,923.9,-454.0
0.0,0.0,923.9,-454.0
1.0,1.0,0.0,0.0
1.0,0.0,0.0,0.0
1.0,0.0,0.2,0.0
1.0,0.0,0.2,0.0
1.0,0.0,0.2,0.0
1.0,0.0,0.2,0.0
1.0,0.0,0.2,0.0
1.0,0.0,0.2,0.0
1.0,0.0,0.2,0.0
1.0,0.0,0.2,0.0
1.0,0.0,0.2,0.0
1.0,0.0,0.4,0.0
1.0,0.0,0.4,0.0
1.0,0.0,0.2,0.0
1.0,0.0,0.2,0.0
1.0,0.0,0.3,-1.1
1.0,0.0,0.5,-2.2
1.0,0.0,0.5,-3.3
1.0,0.0,0.4,-4.5
1.0,0.0,0.6,-5.6
1.0,0.0,0.6,-5.6
1.0,0.0,0.6,-5.6
1.0,0.0,0.1,-5.6
1.0,0.0,-1.4,-4.7
1.0,0.0,-4.4,-5.0
1.0,0.0,-8.6,-5.4
1.0,0.0,-13.1,-5.9
1.0,0.0,-17.1,-6.3
1.0,0.0,-20.4,-4.4
1.0,0.0,-22.5,-2.4
1.0,0.0,-23.1,0.8
1.0,0.0,-22.5,3.2
1.0,0.0,-20.1,5.6
1.0,0.0,-16.1,7.3
1.0,0.0,-10.8,7.9
1.0,0.0,-4.3,8.5
1.0,0.0,2.3,9.3
1.0,0.0,8.0,9.9
1.0,0.0,12.9,10.4
1.0,0.0,16.6,11.9
1.0,0.0,19.1,13.3
1.0,0.0,21.2,15.7
1.0,0.0,22.9,18.2
1.0,0.0,25.3,18.4
1.0,0.0,28.3,18.7
1.0,0.0,31.1,17.9
1.0,0.0,33.8,14.8
1.0,0.0,35.8,10.6
1.0,0.0,36.3,6.1
1.0,0.0,35.3,0.4
1.0,0.0,33.4,-4.3
1.0,0.0,31.4,-9.1
1.0,0.0,29.6,-14.9
1.0,0.0,27.6,-18.5
1.0,0.0,26.2,-23.2
1.0,0.0,25.2,-24.4
1.0,0.0,24.8,-25.5
1.0,0.0,24.8,-25.5
1.0,0.0,24.8,-25.6
1.0,0.0,24.8,-25.6
1.0,0.0,24.7,-25.6
1.0,0.0,24.5,-25.6
1.0,0.0,24.0,-26.8
1.0,0.0,23.8,-30.1
1.0,0.0,26.2,-35.6
1.0,0.0,31.3,-40.6
1.0,0.0,37.5,-45.7
1.0,0.0,44.7,-51.7
1.0,0.0,53.1,-58.8
1.0,0.0,62.6,-67.9
1.0,0.0,72.6,-76.0
1.0,0.0,82.5,-84.0
1.0,0.0,92.4,-90.9
1.0,0.0,102.3,-96.6
1.0,0.0,112.5,-103.5
1.0,0.0,122.4,-109.2
1.0,0.0,131.7,-115.0
1.0,0.0,139.9,-122.0
1.0,0.0,146.8,-128.1
1.0,0.0,153.0,-133.1
1.0,0.0,159.7,-135.8
1.0,0.0,164.7,-136.4
1.0,0.0,169.6,-134.7
1.0,0.0,173.9,-133.1
1.0,0.0,177.3,-128.2
1.0,0.0,181.2,-124.4
1.0,0.0,186.2,-118.2
1.0,0.0,192.9,-110.7
1.0,0.0,201.0,-104.1
1.0,0.0,210.5,-98.7
1.0,0.0,221.7,-94.0
1.0,0.0,233.7,-89.3
1.0,0.0,245.9,-84.6
1.0,0.0,257.6,-80.0
1.0,0.0,269.0,-75.3
1.0,0.0,279.9,-71.8
1.0,0.0,290.1,-67.4
1.0,0.0,298.9,-63.0
1.0,0.0,304.9,-60.1
1.0,0.0,306.6,-58.8
1.0,0.0,309.0,-57.5
1.0,0.0,311.3,-55.0
1.0,0.0,314.5,-52.3
1.0,0.0,318.0,-47.4
1.0,0.0,320.6,-42.7
1.0,0.0,322.0,-35.7
1.0,0.0,323.0,-27.7
1.0,0.0,323.2,-17.5
1.0,0.0,322.6,-7.3
1.0,0.0,321.6,2.7
1.0,0.0,320.1,12.8
1.0,0.0,318.4,22.8
1.0,0.0,316.5,33.9
1.0,0.0,314.5,45.1
1.0,0.0,312.6,56.3
1.0,0.0,310.9,67.4
1.0,0.0,309.1,78.6
1.0,0.0,307.4,89.7
1.0,0.0,305.9,99.8
1.0,0.0,304.1,110.9
1.0,0.0,302.4,123.2
1.0,0.0,300.6,136.6
1.0,0.0,299.0,151.3
1.0,0.0,297.5,164.8
1.0,0.0,296.1,179.5
1.0,0.0,294.4,194.0
1.0,0.0,293.1,206.4
1.0,0.0,291.9,218.7
1.0,0.0,290.7,230.0
1.0,0.0,289.2,241.1
1.0,0.0,287.8,251.2
1.0,0.0,286.3,261.2
1.0,0.0,285.0,270.2
1.0,0.0,284.1,279.1
1.0,0.0,283.2,287.0
1.0,0.0,282.7,292.5
1.0,0.0,282.2,297.0
1.0,0.0,281.9,299.2
1.0,0.0,281.7,301.4
1.0,0.0,281.5,302.5
1.0,0.0,281.2,305.8
1.0,0.0,280.8,309.3
1.0,0.0,280.2,314.8
1.0,0.0,279.6,320.4
1.0,0.0,280.1,327.2
1.0,0.0,282.3,333.1
1.0,0.0,287.8,339.4
1.0,0.0,296.2,343.6
1.0,0.0,305.4,350.3
1.0,0.0,315.6,355.9
1.0,0.0,326.4,362.8
1.0,0.0,337.8,369.7
1.0,0.0,350.1,377.8
1.0,0.0,363.3,386.1
1.0,0.0,377.2,394.5
1.0,0.0,392.7,402.9
1.0,0.0,407.6,412.5
1.0,0.0,423.5,422.2
1.0,0.0,441.1,432.1
1.0,0.0,457.9,442.0
1.0,0.0,475.0,449.5
1.0,0.0,491.0,458.1
1.0,0.0,507.0,465.4
1.0,0.0,522.9,471.8
1.0,0.0,539.2,477.0
1.0,0.0,555.3,482.1
1.0,0.0,571.4,487.3
1.0,0.0,587.7,492.4
1.0,0.0,603.9,496.4
1.0,0.0,619.7,501.5
1.0,0.0,634.9,508.9
1.0,0.0,649.1,517.2
1.0,0.0,662.1,526.6
1.0,0.0,674.6,537.1
1.0,0.0,686.0,547.4
1.0,0.0,696.5,558.8
1.0,0.0,706.8,569.0
1.0,0.0,716.5,579.1
1.0,0.0,725.6,588.1
1.0,0.0,733.8,596.9
1.0,0.0,741.1,605.6
1.0,0.0,748.0,614.4
1.0,0.0,755.6,622.0
1.0,0.0,764.1,629.7
1.0,0.0,773.5,638.6
1.0,0.0,784.2,648.9
1.0,0.0,796.2,659.3
1.0,0.0,808.8,669.8
1.0,0.0,821.7,680.3
1.0,0.0,835.4,690.9
1.0,0.0,849.9,701.6
1.0,0.0,865.2,713.5
1.0,0.0,881.2,725.6
1.0,0.0,897.4,736.4
1.0,0.0,914.0,746.2
1.0,0.0,931.4,757.2
1.0,0.0,949.6,767.2
1.0,0.0,968.3,777.2
1.0,0.0,987.1,788.5
1.0,0.0,1006.6,797.4
1.0,0.0,1026.5,806.4
1.0,0.0,1046.5,815.4
1.0,0.0,1066.8,823.3
1.0,0.0,1087.2,831.3
1.0,0.0,1107.5,840.3
1.0,0.0,1127.9,848.3
1.0,0.0,1148.4,856.2
1.0,0.0,1169.0,863.0
1.0,0.0,1189.6,872.0
1.0,0.0,1210.3,880.0
1.0,0.0,1231.2,888.0
1.0,0.0,1251.9,896.0
1.0,0.0,1272.8,903.9
1.0,0.0,1293.7,911.9
1.0,0.0,1314.4,921.0
1.0,0.0,1335.2,929.0
1.0,0.0,1356.0,937.0
1.0,0.0,1376.7,944.9
1.0,0.0,1397.2,954.0
1.0,0.0,1417.6,961.9
1.0,0.0,1437.3,969.8
1.0,0.0,1456.6,977.5
1.0,0.0,1475.3,985.3
1.0,0.0,1493.7,993.0
1.0,0.0,1511.9,999.5
1.0,0.0,1530.0,1007.2
1.0,0.0,1548.0,1013.7
1.0,0.0,1566.0,1021.4
1.0,0.0,1584.2,1027.9
1.0,0.0,1601.7,1035.5
1.0,0.0,1618.1,1041.8
1.0,0.0,1632.9,1047.9
1.0,0.0,1646.3,1052.8
1.0,0.0,1658.2,1058.7
1.0,0.0,1668.9,1063.2
1.0,0.0,1677.2,1066.4
1.0,0.0,1684.0,1069.3
1.0,0.0,1689.2,1073.3
1.0,0.0,1692.5,1078.2
1.0,0.0,1688.9,1083.5
1.0,0.0,1683.6,1089.6
1.0,0.0,1676.8,1096.8
1.0,0.0,1669.2,1101.7
1.0,0.0,1660.3,1107.6
1.0,0.0,1650.1,1111.0
1.0,0.0,1639.3,1114.4
1.0,0.0,1628.8,1117.7
1.0,0.0,1618.6,1123.5
1.0,0.0,1609.3,1129.3
1.0,0.0,1601.2,1137.5
1.0,0.0,1594.2,1145.8
1.0,0.0,1588.4,1154.2
1.0,0.0,1583.7,1161.7
1.0,0.0,1579.3,1168.0
1.0,0.0,1575.3,1170.9
1.0,0.0,1569.8,1171.4
1.0,0.0,1563.6,1169.7
1.0,0.0,1556.6,1167.8
1.0,0.0,1548.3,1168.0
1.0,0.0,1538.6,1168.1
1.0,0.0,1528.2,1167.0
1.0,0.0,1518.2,1162.5
1.0,0.0,1509.0,1155.8
1.0,0.0,1499.9,1148.1
1.0,0.0,1490.5,1141.4
1.0,0.0,1480.6,1136.9
1.0,0.0,1471.2,1134.8
1.0,0.0,1463.3,1133.9
1.0,0.0,1457.9,1133.3
1.0,0.0,1452.9,1135.0
1.0,0.0,1447.4,1137.8
1.0,0.0,1440.4,1140.5
1.0,0.0,1431.6,1142.9
1.0,0.0,1422.3,1145.3
1.0,0.0,1413.4,1147.8
1.0,0.0,1405.5,1150.3
1.0,0.0,1399.0,1151.9
1.0,0.0,1393.9,1151.3
1.0,0.0,1390.0,1149.8
1.0,0.0,1387.5,1146.2
1.0,0.0,1386.1,1143.7
1.0,0.0,1385.7,1143.6
1.0,0.0,1385.8,1143.6
1.0,0.0,1386.0,1143.6
1.0,0.0,1386.0,1143.7
1.0,0.0,1386.3,1143.7
1.0,0.0,1386.3,1143.7
1.0,0.0,1386.5,1143.7
1.0,0.0,1386.6,1143.7
1.0,0.0,1386.6,1143.7
1.0,0.0,1386.6,1143.7
1.0,0.0,1386.9,1143.8
1.0,0.0,1386.9,1143.8
1.0,0.0,1387.2,1142.7
1.0,0.0,1387.2,1142.7
1.0,0.0,1387.2,1142.7
1.0,0.0,1387.4,1142.7
1.0,0.0,1387.4,1142.7
1.0,0.0,1387.4,1142.7
1.0,0.0,1387.5,1142.7
1.0,0.0,1387.5,1142.7
1.0,0.0,1387.5,1142.7
1.0,0.0,1387.7,1142.7
1.0,0.0,1387.7,1142.7
1.0,0.0,1387.7,1142.7
1.0,0.0,1387.8,1142.7
1.0,0.0,1387.8,1142.7
1.0,0.0,1387.8,1142.7
1.0,0.0,1387.9,1142.7
1.0,0.0,1387.9,1142.7
1.0,0.0,1388.0,1141.6
1.0,0.0,1388.0,1141.6
1.0,0.0,1388.0,1141.6
1.0,0.0,1388.1,1141.6
1.0,0.0,1388.1,1141.6
1.0,0.0,1388.1,1141.6
1.0,0.0,1388.1,1141.6
1.0,0.0,1388.1,1141.6
1.0,0.0,1388.1,1141.6
1.0,0.0,1388.1,1141.6
1.0,0.0,1388.1,1141.6
1.0,0.0,1388.2,1141.7
1.0,0.0,1388.2,1141.7
1.0,0.0,1388.2,1141.7
1.0,0.0,1388.2,1141.7
1.0,0.0,1388.2,1141.7
1.0,0.0,1388.2,1141.7
1.0,0.0,1388.2,1141.7
1.0,0.0,1388.2,1141.7
1.0,0.0,1388.2,1141.7
1.0,0.0,1388.2,1141.7
1.0,0.0,1388.2,1141.7
1.0,0.0,1388.2,1141.7
1.0,0.0,1388.2,1141.7
1.0,0.0,1388.2,1141.7
1.0,0.0,1388.2,1141.7
1.0,0.0,1388.2,1141.7
1.0,0.0,1388.2,1141.7
0.0,1.0,0.0,0.0
0.0,0.0,-0.6,-1.0
0.0,0.0,-0.8,-0.9
0.0,0.0,-0.7,-1.0
0.0,0.0,-0.7,-1.0
0.0,0.0,-0.8,-0.9
0.0,0.0,-0.7,-1.0
0.0,0.0,-0.5,-1.0
0.0,0.0,0.1,0.0
0.0,0.0,0.2,-0.1
0.0,0.0,0.4,-0.1
0.0,0.0,0.5,-0.2
0.0,0.0,0.7,-0.2
0.0,0.0,0.6,-0.2
0.0,0.0,0.6,-0.2
0.0,0.0,0.6,-0.2
0.0,0.0,0.6,-0.2
0.0,0.0,0.3,-1.2
0.0,0.0,0.3,-1.2
0.0,0.0,0.4,-1.3
0.0,0.0,1.0,-0.3
0.0,0.0,1.9,0.6
0.0,0.0,3.1,2.6
0.0,0.0,3.9,4.7
0.0,0.0,4.8,7.9
0.0,0.0,5.7,12.3
0.0,0.0,6.4,16.8
0.0,0.0,7.0,21.2
0.0,0.0,8.1,26.8
0.0,0.0,9.2,32.2
0.0,0.0,10.3,36.7
0.0,0.0,11.6,42.1
0.0,0.0,12.2,45.4
0.0,0.0,12.5,50.0
0.0,0.0,11.4,52.7
0.0,0.0,9.4,55.5
0.0,0.0,7.3,56.1
0.0,0.0,5.8,56.6
0.0,0.0,5.1,56.8
0.0,0.0,4.8,56.8
0.0,0.0,4.5,56.9
0.0,0.0,4.5,56.9
0.0,0.0,4.5,56.9
0.0,0.0,4.5,56.9
0.0,0.0,4.3,57.0
0.0,0.0,4.2,57.0
0.0,0.0,4.2,57.0
0.0,0.0,4.1,57.1
0.0,0.0,4.1,57.1
0.0,0.0,4.0,57.1
0.0,0.0,3.7,57.2
0.0,0.0,3.0,57.4
0.0,0.0,1.1,55.6
0.0,0.0,-0.4,53.7
0.0,0.0,-2.1,49.6
0.0,0.0,-3.5,45.2
0.0,0.0,-5.3,40.0
0.0,0.0,-7.4,33.5
0.0,0.0,-9.6,27.2
0.0,0.0,-12.7,18.6
0.0,0.0,-16.1,10.2
0.0,0.0,-19.6,0.7
0.0,0.0,-23.6,-9.8
0.0,0.0,-27.9,-20.3
0.0,0.0,-32.1,-30.8
0.0,0.0,-35.9,-41.5
0.0,0.0,-40.0,-53.3
0.0,0.0,-43.6,-64.0
0.0,0.0,-47.4,-75.8
0.0,0.0,-50.6,-85.5
0.0,0.0,-54.0,-96.2
0.0,0.0,-57.0,-105.9
0.0,0.0,-60.1,-115.5
0.0,0.0,-62.9,-124.1
0.0,0.0,-65.1,-131.6
0.0,0.0,-67.5,-139.2
0.0,0.0,-69.5,-145.7
0.0,0.0,-70.9,-151.0
0.0,0.0,-71.9,-156.6
0.0,0.0,-71.9,-161.2
0.0,0.0,-71.2,-167.3
0.0,0.0,-70.1,-173.4
0.0,0.0,-69.7,-180.6
0.0,0.0,-70.7,-187.4
0.0,0.0,-73.5,-192.3
0.0,0.0,-78.9,-197.9
0.0,0.0,-85.4,-200.7
0.0,0.0,-92.5,-200.9
0.0,0.0,-100.0,-200.0
0.0,0.0,-106.6,-195.8
0.0,0.0,-111.0,-188.7
0.0,0.0,-113.4,-180.9
0.0,0.0,-113.6,-173.8
0.0,0.0,-110.1,-166.6
0.0,0.0,-104.7,-160.1
0.0,0.0,-98.1,-153.8
0.0,0.0,-91.0,-147.5
0.0,0.0,-84.0,-140.2
0.0,0.0,-78.0,-132.5
0.0,0.0,-73.1,-123.4
0.0,0.0,-69.0,-113.9
0.0,0.0,-65.2,-103.3
0.0,0.0,-61.9,-93.7
0.0,0.0,-58.2,-81.9
0.0,0.0,-54.7,-69.9
0.0,0.0,-51.1,-58.0
0.0,0.0,-47.2,-45.0
0.0,0.0,-43.1,-32.1
0.0,0.0,-38.1,-19.5
0.0,0.0,-33.3,-7.9
0.0,0.0,-28.3,4.8
0.0,0.0,-23.5,17.5
0.0,0.0,-19.3,30.4
0.0,0.0,-15.1,43.3
0.0,0.0,-11.0,56.2
0.0,0.0,-6.9,69.2
0.0,0.0,-2.4,82.1
0.0,0.0,2.4,95.9
0.0,0.0,7.1,108.7
0.0,0.0,12.1,121.4
0.0,0.0,17.3,134.0
0.0,0.0,22.8,146.6
0.0,0.0,28.5,159.1
0.0,0.0,33.8,170.4
0.0,0.0,39.7,182.9
0.0,0.0,45.8,195.2
0.0,0.0,51.5,206.5
0.0,0.0,57.1,216.7
0.0,0.0,62.7,226.8
0.0,0.0,68.0,235.8
0.0,0.0,72.9,243.8
0.0,0.0,78.2,252.9
0.0,0.0,83.3,259.6
0.0,0.0,87.9,266.4
0.0,0.0,92.4,272.2
0.0,0.0,96.5,278.0
0.0,0.0,99.6,281.8
0.0,0.0,102.3,285.7
0.0,0.0,104.0,288.7
0.0,0.0,104.5,289.7
0.0,0.0,104.5,289.7
0.0,0.0,104.5,289.7
0.0,0.0,104.5,289.7
0.0,0.0,104.5,289.7
0.0,0.0,104.5,289.7
0.0,0.0,104.5,289.7
0.0,0.0,104.5,289.7
0.0,0.0,104.5,289.7
0.0,0.0,104.1,288.6
0.0,0.0,104.5,289.7
0.0,0.0,104.5,289.7
0.0,0.0,105.2,293.0
0.0,0.0,105.9,297.5
0.0,0.0,106.0,302.1
0.0,0.0,106.9,307.7
0.0,0.0,109.3,312.8
0.0,0.0,113.5,316.3
0.0,0.0,118.9,318.3
0.0,0.0,124.8,317.8
0.0,0.0,131.7,318.1
0.0,0.0,138.8,317.3
0.0,0.0,146.6,317.4
0.0,0.0,154.2,316.3
0.0,0.0,161.8,315.3
0.0,0.0,169.0,314.4
0.0,0.0,175.9,313.6
0.0,0.0,181.6,310.8
0.0,0.0,187.1,309.2
0.0,0.0,192.2,309.0
0.0,0.0,196.2,307.8
0.0,0.0,199.5,305.7
0.0,0.0,202.0,301.4
0.0,0.0,203.9,296.3
0.0,0.0,206.2,290.9
0.0,0.0,207.9,283.4
0.0,0.0,210.4,275.7
0.0,0.0,213.4,267.8
0.0,0.0,215.7,259.0
0.0,0.0,218.9,252.2
0.0,0.0,222.1,244.3
0.0,0.0,225.4,237.5
0.0,0.0,228.6,233.1
0.0,0.0,230.5,228.9
0.0,0.0,230.5,226.6
0.0,0.0,230.2,226.7
0.0,0.0,229.8,225.7
0.0,0.0,229.8,225.7
0.0,0.0,229.9,225.6
0.0,0.0,229.9,225.6
0.0,0.0,229.6,224.6
0.0,0.0,229.4,223.5
0.0,0.0,230.1,222.1
0.0,0.0,231.1,218.4
0.0,0.0,233.3,215.4
0.0,0.0,234.7,210.3
0.0,0.0,236.9,206.2
0.0,0.0,238.7,201.0
0.0,0.0,240.8,195.7
0.0,0.0,243.0,190.4
0.0,0.0,246.1,183.7
0.0,0.0,249.4,176.9
0.0,0.0,253.1,170.0
0.0,0.0,257.5,164.1
0.0,0.0,261.9,159.3
0.0,0.0,266.3,154.6
0.0,0.0,270.3,151.0
0.0,0.0,273.6,148.9
0.0,0.0,275.7,146.0
0.0,0.0,276.8,143.4
0.0,0.0,275.5,139.1
0.0,0.0,273.1,136.2
0.0,0.0,270.7,132.3
0.0,0.0,267.7,127.4
0.0,0.0,264.5,122.4
0.0,0.0,260.9,116.5
0.0,0.0,257.6,110.4
0.0,0.0,254.4,105.4
0.0,0.0,251.7,100.4
0.0,0.0,249.9,97.4
0.0,0.0,247.7,93.4
0.0,0.0,245.3,89.4
0.0,0.0,242.4,84.4
0.0,0.0,240.8,81.4
0.0,0.0,239.1,78.3
0.0,0.0,238.1,76.3
0.0,0.0,238.0,76.3
0.0,0.0,238.0,76.3
0.0,0.0,237.9,76.3
0.0,0.0,237.9,76.3
0.0,0.0,237.9,76.3
0.0,0.0,237.8,76.4
0.0,0.0,237.6,76.4
0.0,0.0,237.3,76.5
0.0,0.0,237.3,76.5
0.0,0.0,237.2,76.5
0.0,0.0,237.2,76.5
0.0,0.0,237.2,76.5
0.0,0.0,237.1,76.6
0.0,0.0,237.1,76.6
0.0,0.0,237.1,76.6
0.0,0.0,237.1,76.6
0.0,0.0,237.0,76.6
0.0,0.0,237.0,76.6
0.0,0.0,236.9,76.6
0.0,0.0,236.0,75.7
0.0,0.0,234.5,75.0
0.0,0.0,233.5,75.3
0.0,0.0,232.7,75.5
0.0,0.0,232.3,75.6
0.0,0.0,232.1,75.7
0.0,0.0,231.9,75.8
0.0,0.0,231.7,75.8
0.0,0.0,231.7,75.8
0.0,0.0,231.9,75.8
0.0,0.0,231.9,75.8
0.0,0.0,231.9,75.8
0.0,0.0,231.9,75.8
0.0,0.0,231.9,75.7
0.0,0.0,232.3,75.6
0.0,0.0,232.7,75.5
0.0,0.0,233.4,75.3
0.0,0.0,234.3,76.2
0.0,0.0,234.7,76.1
0.0,0.0,235.0,76.0
0.0,0.0,234.8,74.9
0.0,0.0,235.1,76.0
0.0,0.0,234.8,74.9
0.0,0.0,234.8,74.9
0.0,0.0,234.8,74.9
0.0,0.0,234.9,76.1
0.0,0.0,234.4,76.2
0.0,0.0,234.5,78.5
0.0,0.0,235.1,80.6
0.0,0.0,235.9,82.8
0.0,0.0,237.4,85.8
0.0,0.0,238.9,88.9
0.0,0.0,240.1,90.8
0.0,0.0,241.2,92.9
0.0,0.0,241.4,92.8
0.0,0.0,241.4,92.8
0.0,0.0,241.5,92.8
0.0,0.0,241.5,92.8
0.0,0.0,241.5,92.8
0.0,0.0,241.6,92.7
0.0,0.0,241.6,92.7
0.0,0.0,241.7,92.7
0.0,0.0,241.8,92.7
0.0,0.0,241.9,92.6
0.0,0.0,241.9,92.6
0.0,0.0,242.1,92.6
0.0,0.0,242.1,92.6
0.0,0.0,242.2,92.6
0.0,0.0,242.2,92.5
0.0,0.0,242.2,92.5
0.0,0.0,242.4,92.5
0.0,0.0,242.4,92.5
0.0,0.0,242.5,92.5
0.0,0.0,242.5,92.5
0.0,0.0,242.6,92.4
0.0,0.0,242.6,92.4
0.0,0.0,242.7,92.4
0.0,0.0,242.7,92.4
0.0,0.0,242.7,92.4
0.0,0.0,243.1,93.4
0.0,0.0,243.1,93.4
0.0,0.0,243.1,93.4
0.0,0.0,243.1,93.4
0.0,0.0,243.1,93.4
0.0,0.0,243.1,93.4
0.0,0.0,243.2,93.4
0.0,0.0,243.4,93.4
0.0,0.0,244.6,95.4
0.0,0.0,246.0,97.3
0.0,0.0,247.9,100.3
0.0,0.0,250.4,104.2
0.0,0.0,252.9,108.1
0.0,0.0,255.9,113.1
0.0,0.0,259.4,119.1
0.0,0.0,262.4,124.1
0.0,0.0,265.8,130.1
0.0,0.0,269.1,135.1
0.0,0.0,271.8,140.1
0.0,0.0,273.5,143.2
0.0,0.0,274.4,145.2
0.0,0.0,275.2,146.2
0.0,0.0,275.6,146.0
0.0,0.0,276.2,147.0
0.0,0.0,276.3,147.0
0.0,0.0,276.5,148.1
0.0,0.0,275.7,150.6
0.0,0.0,274.0,153.4
0.0,0.0,270.5,155.6
0.0,0.0,267.2,160.1
0.0,0.0,263.2,164.7
0.0,0.0,258.6,169.6
0.0,0.0,253.9,175.5
0.0,0.0,250.1,182.5
0.0,0.0,246.3,190.6
0.0,0.0,242.7,199.8
0.0,0.0,239.1,210.3
0.0,0.0,235.0,219.7
0.0,0.0,230.7,230.2
0.0,0.0,226.2,239.8
0.0,0.0,221.8,250.4
0.0,0.0,217.3,261.1
0.0,0.0,210.8,271.1
0.0,0.0,205.6,279.6
0.0,0.0,202.4,288.8
0.0,0.0,199.4,296.8
0.0,0.0,197.4,301.9
0.0,0.0,195.7,304.7
0.0,0.0,194.4,307.4
0.0,0.0,193.8,307.6
0.0,0.0,194.3,307.4
0.0,0.0,194.1,306.3
0.0,0.0,193.9,305.2
0.0,0.0,193.7,304.1
0.0,0.0,193.7,304.1
0.0,0.0,193.4,304.2
0.0,0.0,192.4,305.7
0.0,0.0,190.2,307.4
0.0,0.0,187.1,309.6
0.0,0.0,183.8,311.7
0.0,0.0,179.4,312.9
0.0,0.0,174.7,313.1
0.0,0.0,169.9,313.3
0.0,0.0,165.3,313.5
0.0,0.0,161.0,313.5
0.0,0.0,156.7,313.6
0.0,0.0,151.9,311.5
0.0,0.0,147.8,310.4
0.0,0.0,144.1,309.0
0.0,0.0,141.2,307.5
0.0,0.0,139.7,306.8
0.0,0.0,139.1,305.8
0.0,0.0,138.8,305.9
0.0,0.0,138.7,305.9
0.0,0.0,138.5,305.9
0.0,0.0,138.5,305.9
0.0,0.0,138.2,304.9
0.0,0.0,138.3,304.8
0.0,0.0,138.3,304.8
0.0,0.0,138.3,304.8
0.0,0.0,138.2,304.9
0.0,0.0,138.2,304.9
0.0,0.0,138.1,304.9
0.0,0.0,137.6,305.0
0.0,0.0,135.7,303.3
0.0,0.0,133.1,302.9
0.0,0.0,129.1,299.4
0.0,0.0,125.0,297.1
0.0,0.0,120.3,294.8
0.0,0.0,114.7,294.1
0.0,0.0,109.6,295.7
0.0,0.0,105.8,299.1
0.0,0.0,104.3,305.3
0.0,0.0,104.5,311.1
0.0,0.0,106.9,316.2
0.0,0.0,109.9,322.4
0.0,0.0,112.9,329.7
0.0,0.0,115.9,337.1
0.0,0.0,119.0,345.6
0.0,0.0,122.5,355.1
0.0,0.0,126.3,365.8
0.0,0.0,130.3,376.3
0.0,0.0,134.9,387.9
0.0,0.0,139.7,399.5
0.0,0.0,144.5,412.2
0.0,0.0,149.4,424.9
0.0,0.0,154.5,437.6
0.0,0.0,160.6,452.4
0.0,0.0,167.1,465.8
0.0,0.0,173.6,479.2
0.0,0.0,180.4,493.7
0.0,0.0,186.3,507.3
0.0,0.0,193.0,521.9
0.0,0.0,199.1,536.7
0.0,0.0,205.3,551.4
0.0,0.0,211.8,566.0
0.0,0.0,217.9,580.8
0.0,0.0,224.5,596.6
0.0,0.0,231.1,612.4
0.0,0.0,237.2,627.2
0.0,0.0,243.6,643.0
0.0,0.0,250.0,658.9
0.0,0.0,256.3,673.6
0.0,0.0,262.8,689.5
0.0,0.0,269.2,705.3
0.0,0.0,275.5,720.0
0.0,0.0,282.3,735.7
0.0,0.0,288.9,751.6
0.0,0.0,295.3,767.4
0.0,0.0,302.1,783.2
0.0,0.0,308.4,797.9
0.0,0.0,315.0,813.7
0.0,0.0,321.6,829.4
0.0,0.0,328.2,845.3
0.0,0.0,334.6,861.1
0.0,0.0,341.4,878.1
0.0,0.0,348.0,893.9
0.0,0.0,354.3,909.8
0.0,0.0,360.6,925.7
0.0,0.0,366.8,941.6
0.0,0.0,372.8,956.4
0.0,0.0,379.0,972.3
0.0,0.0,385.0,987.1
0.0,0.0,390.7,1002.0
0.0,0.0,396.2,1016.8
0.0,0.0,401.5,1031.8
0.0,0.0,406.7,1046.9
0.0,0.0,411.5,1060.8
0.0,0.0,416.2,1074.8
0.0,0.0,420.5,1086.5
0.0,0.0,425.0,1098.1
0.0,0.0,429.0,1108.7
0.0,0.0,433.3,1119.2
0.0,0.0,437.1,1128.6
0.0,0.0,441.0,1138.1
0.0,0.0,444.0,1145.4
0.0,0.0,447.1,1152.8
0.0,0.0,449.5,1160.2
0.0,0.0,450.4,1166.9
0.0,0.0,449.0,1172.1
0.0,0.0,445.3,1175.4
0.0,0.0,440.1,1175.7
0.0,0.0,435.0,1173.7
0.0,0.0,430.5,1169.1
0.0,0.0,426.6,1163.3
0.0,0.0,423.1,1156.1
0.0,0.0,420.0,1148.7
0.0,0.0,416.4,1140.4
0.0,0.0,412.6,1131.0
0.0,0.0,408.9,1121.5
0.0,0.0,404.7,1110.9
0.0,0.0,400.4,1100.5
0.0,0.0,395.9,1088.8
0.0,0.0,391.1,1077.2
0.0,0.0,386.5,1065.6
0.0,0.0,382.8,1056.2
0.0,0.0,378.8,1045.5
0.0,0.0,375.5,1037.1
0.0,0.0,373.0,1029.7
0.0,0.0,370.9,1023.3
0.0,0.0,369.4,1016.7
0.0,0.0,368.5,1012.3
0.0,0.0,368.1,1008.9
0.0,0.0,367.9,1006.7
0.0,0.0,367.7,1005.5
0.0,0.0,367.6,1005.5
0.0,0.0,367.6,1005.5
0.0,0.0,367.7,1005.5
0.0,0.0,367.3,1004.4
0.0,0.0,365.3,1001.5
0.0,0.0,361.7,999.1
0.0,0.0,356.9,998.1
0.0,0.0,351.0,997.5
0.0,0.0,344.0,997.2
0.0,0.0,336.7,996.9
0.0,0.0,328.8,995.7
0.0,0.0,320.4,995.8
0.0,0.0,311.1,994.9
0.0,0.0,301.1,994.3
0.0,0.0,290.6,993.6
0.0,0.0,280.0,993.2
0.0,0.0,268.9,992.8
0.0,0.0,257.1,991.6
0.0,0.0,244.6,990.5
0.0,0.0,231.6,989.5
0.0,0.0,218.2,988.6
0.0,0.0,204.9,987.8
0.0,0.0,191.5,986.8
0.0,0.0,177.8,986.1
0.0,0.0,164.0,985.3
0.0,0.0,150.1,984.6
0.0,0.0,135.9,982.8
0.0,0.0,122.3,982.0
0.0,0.0,108.7,981.1
0.0,0.0,95.4,981.4
0.0,0.0,82.1,981.8
0.0,0.0,68.8,983.2
0.0,0.0,55.1,984.8
0.0,0.0,42.1,987.3
0.0,0.0,30.1,989.6
0.0,0.0,19.3,991.5
0.0,0.0,9.4,994.3
0.0,0.0,0.0,997.1
0.0,0.0,-9.2,1000.8
0.0,0.0,-18.5,1003.5
0.0,0.0,-26.9,1007.1
0.0,0.0,-35.0,1009.3
0.0,0.0,-42.5,1012.7
0.0,0.0,-50.1,1016.0
0.0,0.0,-58.2,1018.4
0.0,0.0,-66.3,1021.9
0.0,0.0,-74.6,1025.4
0.0,0.0,-83.0,1030.2
0.0,0.0,-91.9,1033.8
0.0,0.0,-100.7,1038.7
0.0,0.0,-109.7,1043.7
0.0,0.0,-119.2,1047.6
0.0,0.0,-128.6,1052.6
0.0,0.0,-138.0,1057.7
0.0,0.0,-147.3,1063.8
0.0,0.0,-157.2,1069.0
0.0,0.0,-167.0,1075.3
0.0,0.0,-176.6,1082.7
0.0,0.0,-186.4,1089.1
0.0,0.0,-196.4,1095.5
0.0,0.0,-206.0,1102.9
0.0,0.0,-215.9,1109.3
0.0,0.0,-226.0,1116.8
0.0,0.0,-236.5,1123.4
0.0,0.0,-247.4,1130.0
0.0,0.0,-258.6,1136.7
0.0,0.0,-269.8,1143.6
0.0,0.0,-281.3,1149.1
0.0,0.0,-293.2,1152.6
0.0,0.0,-305.2,1156.0
0.0,0.0,-317.6,1157.2
0.0,0.0,-330.0,1158.4
0.0,0.0,-343.0,1157.5
0.0,0.0,-355.6,1156.3
0.0,0.0,-367.8,1154.0
0.0,0.0,-379.3,1151.4
0.0,0.0,-389.7,1147.3
0.0,0.0,-400.1,1143.3
0.0,0.0,-409.8,1139.0
0.0,0.0,-419.2,1134.6
0.0,0.0,-428.9,1129.2
0.0,0.0,-438.1,1124.8
0.0,0.0,-448.0,1120.6
0.0,0.0,-457.5,1118.6
0.0,0.0,-466.8,1117.8
0.0,0.0,-475.2,1119.0
0.0,0.0,-482.8,1120.0
0.0,0.0,-489.5,1120.7
0.0,0.0,-494.4,1122.2
0.0,0.0,-498.3,1122.2
0.0,0.0,-501.2,1124.2
0.0,0.0,-503.6,1126.0
0.0,0.0,-504.0,1130.8
0.0,0.0,-503.4,1134.0
0.0,0.0,-501.2,1139.3
0.0,0.0,-498.7,1144.4
0.0,0.0,-496.7,1148.5
0.0,0.0,-493.9,1154.7
0.0,0.0,-490.7,1160.8
0.0,0.0,-487.7,1165.7
0.0,0.0,-483.9,1171.7
0.0,0.0,-480.0,1177.6
0.0,0.0,-475.5,1183.3
0.0,0.0,-471.0,1189.1
0.0,0.0,-466.7,1193.6
0.0,0.0,-462.0,1199.3
0.0,0.0,-457.5,1205.0
0.0,0.0,-452.5,1211.8
0.0,0.0,-448.2,1217.6
0.0,0.0,-443.6,1224.5
0.0,0.0,-439.1,1230.2
0.0,0.0,-435.0,1236.1
0.0,0.0,-432.0,1239.8
0.0,0.0,-429.4,1243.7
0.0,0.0,-426.5,1247.6
0.0,0.0,-424.0,1250.4
0.0,0.0,-421.5,1254.3
0.0,0.0,-419.4,1257.2
0.0,0.0,-416.7,1261.1
0.0,0.0,-414.0,1265.0
0.0,0.0,-411.1,1268.8
0.0,0.0,-408.6,1272.8
0.0,0.0,-406.3,1275.6
0.0,0.0,-403.8,1279.5
0.0,0.0,-401.7,1282.4
0.0,0.0,-398.8,1287.5
0.0,0.0,-395.9,1292.4
0.0,0.0,-393.0,1297.5
0.0,0.0,-390.0,1302.4
0.0,0.0,-386.9,1308.6
0.0,0.0,-384.7,1313.8
0.0,0.0,-382.6,1319.0
0.0,0.0,-380.5,1324.2
0.0,0.0,-377.5,1329.3
0.0,0.0,-374.4,1333.0
0.0,0.0,-371.0,1337.8
0.0,0.0,-368.0,1342.8
0.0,0.0,-365.1,1347.8
0.0,0.0,-362.4,1352.9
0.0,0.0,-359.6,1359.1
0.0,0.0,-357.0,1364.2
0.0,0.0,-354.3,1369.2
0.0,0.0,-351.8,1374.4
0.0,0.0,-350.2,1378.6
0.0,0.0,-348.9,1382.8
0.0,0.0,-347.5,1386.0
0.0,0.0,-345.6,1390.1
0.0,0.0,-344.2,1393.1
0.0,0.0,-342.7,1396.2
0.0,0.0,-341.2,1399.4
0.0,0.0,-340.2,1401.4
0.0,0.0,-340.0,1401.3
0.0,0.0,-340.0,1401.3
0.0,0.0,-340.0,1401.3
0.0,0.0,-340.0,1401.3
0.0,0.0,-340.0,1401.3
0.0,0.0,-340.0,1401.3
0.0,0.0,-340.0,1401.3
0.0,0.0,-340.0,1401.3
0.0,0.0,-340.0,1401.3
0.0,0.0,-340.0,1401.3
0.0,0.0,-340.0,1401.3
0.0,0.0,-340.0,1401.3
0.0,0.0,-340.0,1401.3
0.0,0.0,-340.0,1401.3
0.0,0.0,-340.0,1401.3
0.0,0.0,-340.0,1401.3
0.0,0.0,-340.3,1400.3
0.0,0.0,-340.3,1400.3
0.0,0.0,-340.3,1400.3
0.0,0.0,-340.5,1400.3
0.0,0.0,-340.9,1399.3
0.0,0.0,-340.9,1399.3
0.0,0.0,-341.3,1398.2
0.0,0.0,-341.9,1397.1
0.0,0.0,-341.9,1397.1
0.0,0.0,-342.4,1396.1
0.0,0.0,-342.4,1396.1
0.0,0.0,-343.0,1395.1
0.0,0.0,-343.1,1395.2
0.0,0.0,-343.2,1395.2
0.0,0.0,-343.6,1394.2
0.0,0.0,-343.9,1394.2
0.0,0.0,-344.1,1394.3
0.0,0.0,-344.7,1393.3
0.0,0.0,-344.9,1393.4
0.0,0.0,-345.4,1393.5
0.0,0.0,-345.9,1393.7
0.0,0.0,-346.6,1393.9
0.0,0.0,-347.3,1394.0
0.0,0.0,-347.8,1394.2
0.0,0.0,-348.3,1394.3
0.0,0.0,-348.6,1394.4
0.0,0.0,-349.0,1394.5
0.0,0.0,-349.5,1394.7
0.0,0.0,-349.9,1394.8
0.0,0.0,-350.7,1395.0
0.0,0.0,-351.3,1395.2
0.0,0.0,-352.0,1395.4
0.0,0.0,-353.0,1394.5
0.0,0.0,-353.5,1394.7
0.0,0.0,-354.0,1394.8
0.0,0.0,-354.8,1393.9
0.0,0.0,-355.5,1394.1
0.0,0.0,-356.2,1394.3
0.0,0.0,-356.9,1393.3
0.0,0.0,-356.9,1393.3
0.0,0.0,-356.9,1393.3
0.0,0.0,-357.2,1392.2
0.0,0.0,-357.2,1392.2
0.0,0.0,-357.2,1392.2
0.0,0.0,-357.2,1392.2
0.0,0.0,-356.9,1392.2
0.0,0.0,-356.2,1392.0
0.0,0.0,-354.6,1391.5
0.0,0.0,-353.0,1389.9
0.0,0.0,-351.0,1389.3
0.0,0.0,-349.3,1388.8
0.0,0.0,-348.5,1388.6
0.0,0.0,-348.3,1388.6
0.0,0.0,-348.3,1388.6
0.0,0.0,-348.3,1388.6
0.0,0.0,-348.2,1388.5
0.0,0.0,-347.6,1388.4
0.0,0.0,-346.1,1389.1
0.0,0.0,-344.7,1389.8
0.0,0.0,-343.0,1391.7
0.0,0.0,-341.9,1393.7
0.0,0.0,-340.7,1395.6
0.0,0.0,-339.1,1398.8
0.0,0.0,-337.6,1401.8
0.0,0.0,-336.1,1404.8
0.0,0.0,-334.2,1408.9
0.0,0.0,-332.0,1413.0
0.0,0.0,-329.4,1418.1
0.0,0.0,-326.6,1423.2
0.0,0.0,-323.9,1428.2
0.0,0.0,-321.7,1432.2
0.0,0.0,-319.3,1436.2
0.0,0.0,-317.4,1439.2
0.0,0.0,-314.8,1441.9
0.0,0.0,-312.0,1443.4
0.0,0.0,-308.5,1444.7
0.0,0.0,-305.0,1443.7
0.0,0.0,-301.7,1442.8
0.0,0.0,-299.0,1442.0
0.0,0.0,-296.9,1441.4
0.0,0.0,-295.9,1441.1
0.0,0.0,-295.5,1441.0
0.0,0.0,-294.6,1441.9
0.0,0.0,-293.6,1441.6
0.0,0.0,-291.7,1443.4
0.0,0.0,-290.3,1445.3
0.0,0.0,-289.2,1448.5
0.0,0.0,-288.5,1453.0
0.0,0.0,-288.7,1457.7
0.0,0.0,-289.7,1461.4
0.0,0.0,-290.2,1466.3
0.0,0.0,-290.9,1470.0
0.0,0.0,-291.6,1474.9
0.0,0.0,-292.4,1477.4
0.0,0.0,-292.7,1479.8
0.0,0.0,-293.1,1479.9
0.0,0.0,-293.2,1480.0
0.0,0.0,-293.2,1480.0
0.0,0.0,-293.1,1481.1
0.0,0.0,-293.9,1482.5
0.0,0.0,-295.1,1484.0
0.0,0.0,-296.6,1485.6
0.0,0.0,-298.2,1486.1
0.0,0.0,-300.2,1487.8
0.0,0.0,-303.6,1488.7
0.0,0.0,-307.6,1489.9
0.0,0.0,-312.0,1491.1
0.0,0.0,-317.0,1492.7
0.0,0.0,-322.7,1493.1
0.0,0.0,-328.2,1493.5
0.0,0.0,-333.4,1495.0
0.0,0.0,-338.7,1494.2
0.0,0.0,-343.3,1494.3
0.0,0.0,-347.6,1495.5
0.0,0.0,-351.5,1496.7
0.0,0.0,-354.3,1498.6
0.0,0.0,-356.1,1499.1
0.0,0.0,-356.6,1500.4
0.0,0.0,-356.7,1500.4
0.0,0.0,-357.2,1500.6
0.0,0.0,-358.8,1501.0
0.0,0.0,-361.2,1501.7
0.0,0.0,-364.3,1502.6
0.0,0.0,-368.5,1502.7
0.0,0.0,-373.4,1502.9
0.0,0.0,-378.5,1503.2
0.0,0.0,-383.9,1503.6
0.0,0.0,-389.3,1502.8
0.0,0.0,-393.6,1502.8
0.0,0.0,-396.9,1503.8
0.0,0.0,-399.4,1503.3
0.0,0.0,-400.4,1502.4
0.0,0.0,-400.3,1502.4
0.0,0.0,-400.3,1502.4
0.0,0.0,-400.3,1502.4
0.0,0.0,-400.2,1502.4
0.0,0.0,-399.9,1503.5
0.0,0.0,-399.9,1503.5
0.0,0.0,-399.9,1503.5
0.0,0.0,-399.8,1503.4
0.0,0.0,-399.9,1503.5
0.0,0.0,-400.7,1502.5
0.0,0.0,-402.3,1503.0
0.0,0.0,-405.5,1502.8
0.0,0.0,-409.5,1502.7
0.0,0.0,-413.8,1502.8
0.0,0.0,-419.0,1502.0
0.0,0.0,-424.7,1502.4
0.0,0.0,-430.9,1501.9
0.0,0.0,-437.5,1501.4
0.0,0.0,-444.4,1501.1
0.0,0.0,-451.6,1499.6
0.0,0.0,-459.2,1497.2
0.0,0.0,-467.1,1493.5
0.0,0.0,-474.9,1489.9
0.0,0.0,-481.8,1486.0
0.0,0.0,-487.6,1480.7
0.0,0.0,-491.6,1476.0
0.0,0.0,-494.2,1470.9
0.0,0.0,-496.5,1467.0
0.0,0.0,-498.6,1462.8
0.0,0.0,-500.4,1458.7
0.0,0.0,-501.9,1454.5
0.0,0.0,-503.2,1451.3
0.0,0.0,-504.2,1448.1
0.0,0.0,-504.8,1446.0
0.0,0.0,-505.8,1442.8
0.0,0.0,-506.9,1439.6
0.0,0.0,-508.2,1435.2
0.0,0.0,-509.5,1431.0
0.0,0.0,-511.0,1425.7
0.0,0.0,-512.2,1421.3
0.0,0.0,-513.6,1415.9
0.0,0.0,-514.6,1411.4
0.0,0.0,-515.8,1407.1
0.0,0.0,-516.7,1402.8
0.0,0.0,-517.4,1399.4
0.0,0.0,-518.0,1397.3
0.0,0.0,-519.5,1394.2
0.0,0.0,-521.6,1393.7
0.0,0.0,-525.0,1394.7
0.0,0.0,-529.9,1394.9
0.0,0.0,-535.1,1396.3
0.0,0.0,-541.3,1396.9
0.0,0.0,-547.8,1398.9
0.0,0.0,-555.1,1401.0
0.0,0.0,-563.3,1402.1
0.0,0.0,-571.6,1403.3
0.0,0.0,-579.0,1404.3
0.0,0.0,-584.6,1404.7
0.0,0.0,-588.5,1405.8
0.0,0.0,-591.9,1406.8
0.0,0.0,-596.3,1406.8
0.0,0.0,-601.1,1408.2
0.0,0.0,-607.1,1410.0
0.0,0.0,-613.9,1410.8
0.0,0.0,-621.0,1411.6
0.0,0.0,-628.0,1411.3
0.0,0.0,-634.1,1410.7
0.0,0.0,-639.0,1409.8
0.0,0.0,-643.0,1407.4
0.0,0.0,-646.2,1404.8
0.0,0.0,-648.5,1403.1
0.0,0.0,-650.3,1401.4
0.0,0.0,-650.8,1401.5
0.0,0.0,-650.8,1401.5
0.0,0.0,-650.8,1401.5
0.0,0.0,-650.7,1401.5
0.0,0.0,-650.9,1401.5
0.0,0.0,-651.9,1400.7
0.0,0.0,-653.3,1399.9
0.0,0.0,-654.7,1399.1
0.0,0.0,-655.7,1398.3
0.0,0.0,-655.7,1398.3
0.0,0.0,-655.7,1398.3
0.0,0.0,-655.7,1398.3
0.0,0.0,-656.0,1397.2
0.0,0.0,-656.0,1397.2
0.0,0.0,-656.0,1397.2
0.0,0.0,-656.2,1397.2
0.0,0.0,-656.6,1397.4
0.0,0.0,-657.5,1396.4
0.0,0.0,-658.2,1394.3
0.0,0.0,-658.4,1390.9
0.0,0.0,-657.8,1387.2
0.0,0.0,-657.4,1381.3
0.0,0.0,-656.8,1375.3
0.0,0.0,-656.1,1368.0
0.0,0.0,-655.3,1359.6
0.0,0.0,-654.6,1350.0
0.0,0.0,-653.5,1340.4
0.0,0.0,-652.4,1329.4
0.0,0.0,-651.4,1317.5
0.0,0.0,-650.3,1305.4
0.0,0.0,-649.0,1293.3
0.0,0.0,-647.9,1282.4
0.0,0.0,-647.5,1271.8
0.0,0.0,-648.0,1261.4
0.0,0.0,-649.5,1251.2
0.0,0.0,-651.5,1242.4
0.0,0.0,-653.9,1233.7
0.0,0.0,-655.9,1226.1
0.0,0.0,-657.7,1218.4
0.0,0.0,-659.5,1210.8
0.0,0.0,-660.3,1204.0
0.0,0.0,-660.5,1197.0
0.0,0.0,-659.3,1192.0
0.0,0.0,-656.6,1188.9
0.0,0.0,-654.5,1184.8
0.0,0.0,-651.9,1182.9
0.0,0.0,-650.4,1181.3
0.0,0.0,-649.8,1181.2
0.0,0.0,-649.6,1181.1
0.0,0.0,-649.8,1181.2
0.0,0.0,-649.8,1181.2
0.0,0.0,-649.8,1181.2
0.0,0.0,-649.8,1181.2
0.0,0.0,-649.8,1181.2
0.0,0.0,-649.8,1181.2
0.0,0.0,-649.8,1181.2
0.0,0.0,-649.5,1182.2
0.0,0.0,-649.5,1182.2
0.0,0.0,-649.9,1181.2
0.0,0.0,-649.9,1181.2
0.0,0.0,-649.9,1181.2
0.0,0.0,-649.9,1181.2
0.0,0.0,-649.6,1182.3
0.0,0.0,-649.6,1182.3
0.0,0.0,-649.6,1182.3
0.0,0.0,-649.6,1182.3
0.0,0.0,-649.6,1182.3
0.0,0.0,-649.6,1182.3
0.0,0.0,-635.7,224.3
0.0,0.0,-630.1,222.6
0.0,0.0,-623.3,221.8
0.0,0.0,-616.3,219.9
0.0,0.0,-609.4,217.9
0.0,0.0,-602.2,217.0
0.0,0.0,-594.9,214.9
0.0,0.0,-587.2,212.7
0.0,0.0,-579.7,209.4
0.0,0.0,-572.0,207.2
0.0,0.0,-564.6,205.0
0.0,0.0,-558.4,203.2
0.0,0.0,-554.0,200.8
0.0,0.0,-550.0,199.7
0.0,0.0,-546.5,198.7
0.0,0.0,-542.6,197.6
0.0,0.0,-537.8,196.2
0.0,0.0,-532.0,194.6
0.0,0.0,-525.5,192.6
0.0,0.0,-519.1,189.7
0.0,0.0,-513.5,186.9
0.0,0.0,-508.4,185.5
0.0,0.0,-503.3,184.0
0.0,0.0,-497.7,182.3
0.0,0.0,-491.7,180.7
0.0,0.0,-486.3,176.8
0.0,0.0,-481.2,173.0
0.0,0.0,-477.7,167.3
0.0,0.0,-475.7,160.9
0.0,0.0,-474.4,154.7
0.0,0.0,-473.9,147.5
0.0,0.0,-473.6,139.3
0.0,0.0,-472.8,132.0
0.0,0.0,-472.5,122.6
0.0,0.0,-471.8,114.2
0.0,0.0,-471.6,104.8
0.0,0.0,-471.5,94.2
0.0,0.0,-471.1,84.7
0.0,0.0,-470.7,75.2
0.0,0.0,-469.8,66.7
0.0,0.0,-468.3,59.3
0.0,0.0,-465.4,52.7
0.0,0.0,-460.6,47.7
0.0,0.0,-454.6,42.6
0.0,0.0,-447.8,38.2
0.0,0.0,-440.8,33.9
0.0,0.0,-433.0,30.5
0.0,0.0,-425.7,26.1
0.0,0.0,-418.6,21.7
0.0,0.0,-412.2,17.5
0.0,0.0,-405.8,14.5
0.0,0.0,-400.0,11.7
0.0,0.0,-395.2,9.1
0.0,0.0,-390.9,7.9
0.0,0.0,-387.4,6.9
0.0,0.0,-384.6,7.3
0.0,0.0,-383.4,8.1
0.0,0.0,-383.4,8.1
0.0,0.0,-383.2,8.0
0.0,0.0,-382.1,8.9
0.0,0.0,-380.4,10.7
0.0,0.0,-378.7,12.5
0.0,0.0,-376.5,16.6
0.0,0.0,-374.7,20.8
0.0,0.0,-372.4,25.9
0.0,0.0,-370.4,30.0
0.0,0.0,-368.2,34.1
0.0,0.0,-366.1,36.9
0.0,0.0,-365.0,37.8
0.0,0.0,-364.2,38.7
0.0,0.0,-363.9,38.6
0.0,0.0,-363.7,38.6
0.0,0.0,-363.4,38.5
0.0,0.0,-362.5,39.4
0.0,0.0,-361.2,40.2
0.0,0.0,-358.8,40.6
0.0,0.0,-355.8,39.8
0.0,0.0,-352.3,36.5
0.0,0.0,-348.6,31.9
0.0,0.0,-345.1,26.2
0.0,0.0,-341.3,19.3
0.0,0.0,-337.0,12.2
0.0,0.0,-331.6,4.8
0.0,0.0,-325.4,-2.9
0.0,0.0,-318.6,-10.7
0.0,0.0,-311.0,-18.7
0.0,0.0,-303.0,-26.9
0.0,0.0,-294.1,-34.1
0.0,0.0,-285.5,-42.4
0.0,0.0,-276.1,-48.6
0.0,0.0,-266.4,-56.1
0.0,0.0,-256.4,-62.5
0.0,0.0,-246.1,-69.0
0.0,0.0,-235.4,-74.4
0.0,0.0,-225.1,-80.9
0.0,0.0,-214.5,-86.3
0.0,0.0,-204.3,-91.5
0.0,0.0,-194.8,-96.6
0.0,0.0,-185.9,-101.5
0.0,0.0,-178.0,-106.1
0.0,0.0,-170.8,-110.5
0.0,0.0,-164.5,-117.0
0.0,0.0,-158.0,-122.3
0.0,0.0,-152.8,-129.6
0.0,0.0,-148.8,-137.8
0.0,0.0,-145.9,-145.7
0.0,0.0,-143.0,-152.4
0.0,0.0,-139.7,-158.0
0.0,0.0,-135.2,-161.7
0.0,0.0,-129.9,-164.3
0.0,0.0,-125.2,-168.0
0.0,0.0,-119.8,-168.3
0.0,0.0,-116.0,-168.2
0.0,0.0,-114.3,-168.7
0.0,0.0,-113.5,-167.8
0.0,0.0,-113.6,-167.8
0.0,0.0,-113.7,-167.8
0.0,0.0,-113.8,-167.7
0.0,0.0,-114.0,-167.7
0.0,0.0,-114.1,-167.6
0.0,0.0,-114.2,-167.6
0.0,0.0,-114.3,-167.6
0.0,0.0,-113.6,-167.8
0.0,0.0,-111.4,-167.3
0.0,0.0,-107.6,-166.0
0.0,0.0,-103.6,-164.8
0.0,0.0,-98.8,-162.7
0.0,0.0,-92.9,-158.6
0.0,0.0,-86.7,-154.5
0.0,0.0,-80.9,-148.0
0.0,0.0,-76.2,-142.3
0.0,0.0,-71.8,-133.1
0.0,0.0,-68.4,-124.7
0.0,0.0,-65.1,-115.0
0.0,0.0,-61.9,-105.4
0.0,0.0,-58.5,-94.6
0.0,0.0,-55.0,-83.9
0.0,0.0,-51.2,-72.1
0.0,0.0,-47.4,-60.2
0.0,0.0,-43.6,-48.4
0.0,0.0,-39.4,-35.5
0.0,0.0,-35.4,-22.5
0.0,0.0,-31.4,-9.6
0.0,0.0,-27.5,2.3
0.0,0.0,-23.9,12.9
0.0,0.0,-19.8,24.7
0.0,0.0,-16.4,35.5
0.0,0.0,-13.3,45.1
0.0,0.0,-9.7,55.8
0.0,0.0,-6.0,65.3
0.0,0.0,-0.8,76.7
0.0,0.0,4.0,87.1
0.0,0.0,9.0,98.6
0.0,0.0,13.9,110.2
0.0,0.0,18.9,121.6
0.0,0.0,24.0,133.1
0.0,0.0,29.0,144.6
0.0,0.0,34.6,157.1
0.0,0.0,39.7,167.3
0.0,0.0,45.1,178.7
0.0,0.0,49.4,186.8
0.0,0.0,53.7,195.0
0.0,0.0,58.1,203.1
0.0,0.0,62.2,211.3
0.0,0.0,66.5,218.3
0.0,0.0,71.0,226.3
0.0,0.0,75.6,234.4
0.0,0.0,79.5,240.3
0.0,0.0,83.2,246.2
0.0,0.0,87.0,252.2
0.0,0.0,90.5,257.0
0.0,0.0,94.2,263.0
0.0,0.0,97.9,267.7
0.0,0.0,101.2,272.6
0.0,0.0,103.4,275.5
0.0,0.0,104.5,277.5
0.0,0.0,105.0,278.5
0.0,0.0,105.0,278.5
0.0,0.0,105.0,278.5
0.0,0.0,105.0,278.5
0.0,0.0,104.7,277.4
0.0,0.0,105.0,278.5
0.0,0.0,105.2,278.4
0.0,0.0,105.2,278.4
0.0,0.0,105.4,278.4
0.0,0.0,105.7,279.5
0.0,0.0,105.8,279.4
0.0,0.0,106.7,282.6
0.0,0.0,107.3,286.1
0.0,0.0,107.5,290.6
0.0,0.0,107.9,295.1
0.0,0.0,109.6,300.5
0.0,0.0,113.3,305.3
0.0,0.0,118.0,307.4
0.0,0.0,122.9,306.0
0.0,0.0,128.1,304.5
0.0,0.0,131.5,300.1
0.0,0.0,132.1,294.0
0.0,0.0,130.4,288.8
0.0,0.0,125.9,283.0
0.0,0.0,120.9,278.6
0.0,0.0,115.0,273.2
0.0,0.0,109.4,267.9
0.0,0.0,104.1,261.2
0.0,0.0,98.6,253.4
0.0,0.0,92.9,245.7
0.0,0.0,86.9,238.0
0.0,0.0,81.2,229.1
0.0,0.0,75.3,219.0
0.0,0.0,69.4,209.0
0.0,0.0,63.4,198.9
0.0,0.0,57.3,187.7
0.0,0.0,51.6,176.5
0.0,0.0,46.2,166.3
0.0,0.0,41.0,154.8
0.0,0.0,35.9,144.6
0.0,0.0,30.5,133.2
0.0,0.0,25.3,121.7
0.0,0.0,20.5,111.4
0.0,0.0,16.2,102.1
0.0,0.0,12.7,93.8
0.0,0.0,8.9,84.2
0.0,0.0,6.0,76.9
0.0,0.0,3.3,69.5
0.0,0.0,1.5,64.1
0.0,0.0,0.3,58.7
0.0,0.0,0.3,55.2
0.0,0.0,1.4,52.5
0.0,0.0,3.4,49.6
0.0,0.0,6.3,48.8
0.0,0.0,8.9,50.4
0.0,0.0,10.8,53.3
0.0,0.0,12.0,56.5
0.0,0.0,13.8,61.8
0.0,0.0,15.6,65.9
0.0,0.0,18.4,71.0
0.0,0.0,21.3,75.9
0.0,0.0,25.0,81.9
0.0,0.0,28.3,85.6
0.0,0.0,32.1,90.5
0.0,0.0,36.0,95.1
0.0,0.0,40.5,99.7
0.0,0.0,44.7,103.2
0.0,0.0,47.3,103.6
0.0,0.0,51.4,104.7
0.0,0.0,54.9,103.7
0.0,0.0,57.4,103.0
0.0,0.0,58.6,100.4
0.0,0.0,58.8,98.0
0.0,0.0,57.7,94.7
0.0,0.0,55.3,90.8
0.0,0.0,52.4,87.0
0.0,0.0,49.9,83.0
0.0,0.0,47.6,79.0
0.0,0.0,46.1,74.8
0.0,0.0,44.9,70.4
0.0,0.0,43.8,66.1
0.0,0.0,42.7,61.8
0.0,0.0,41.1,56.3
0.0,0.0,40.3,50.8
0.0,0.0,40.3,46.1
0.0,0.0,40.6,41.3
0.0,0.0,41.5,37.6
0.0,0.0,42.7,32.6
0.0,0.0,45.6,27.1
0.0,0.0,47.2,21.9
0.0,0.0,47.7,16.0
0.0,0.0,48.1,11.2
0.0,0.0,47.5,5.5
0.0,0.0,47.2,2.2
0.0,0.0,45.7,-0.9
0.0,0.0,42.6,-4.7
0.0,0.0,39.5,-7.3
0.0,0.0,36.1,-9.8
0.0,0.0,32.5,-13.4
0.0,0.0,29.1,-16.0
0.0,0.0,24.9,-19.4
0.0,0.0,20.7,-20.6
0.0,0.0,16.3,-21.6
0.0,0.0,12.2,-20.5
0.0,0.0,8.5,-19.4
0.0,0.0,5.1,-18.4
0.0,0.0,2.9,-15.5
0.0,0.0,1.3,-12.8
0.0,0.0,0.1,-11.1
0.0,0.0,-0.6,-8.7
0.0,0.0,-1.4,-7.2
0.0,0.0,-2.5,-5.8
0.0,0.0,-4.1,-5.3
0.0,0.0,-6.1,-7.1
0.0,0.0,-7.3,-7.9
0.0,0.0,-7.8,-7.7
0.0,0.0,-8.5,-8.7
0.0,0.0,-8.6,-8.7
0.0,0.0,-8.6,-8.7
0.0,0.0,-8.5,-8.7
0.0,0.0,-8.5,-8.7
0.0,0.0,-8.4,-8.7
0.0,0.0,-8.4,-8.7
0.0,0.0,-8.4,-8.7
0.0,0.0,-8.4,-8.7
0.0,0.0,-8.4,-8.7
0.0,0.0,-8.4,-8.7
0.0,0.0,-8.4,-8.7
0.0,0.0,-8.3,-8.8
0.0,0.0,-8.3,-8.8
0.0,0.0,-8.0,-7.7
0.0,0.0,-8.0,-7.7
0.0,0.0,-8.0,-7.7
0.0,0.0,-8.0,-7.7
0.0,0.0,-8.0,-7.7
0.0,0.0,-8.0,-7.7
0.0,0.0,-8.0,-7.7
0.0,0.0,-8.0,-7.7
0.0,0.0,-8.0,-7.7
0.0,0.0,-8.0,-7.7
0.0,0.0,-8.0,-7.7
0.0,0.0,-8.0,-7.7
0.0,0.0,-7.8,-7.7
0.0,0.0,-7.8,-7.7
0.0,0.0,-7.8,-7.7
0.0,0.0,-7.8,-7.7
0.0,0.0,-7.8,-7.7
0.0,0.0,-7.8,-7.7
0.0,0.0,-8.0,-7.7
0.0,0.0,-8.0,-7.7
0.0,0.0,-8.0,-7.7
0.0,0.0,-8.0,-7.7
0.0,0.0,-8.0,-7.7
0.0,0.0,-7.6,-6.6
0.0,0.0,-7.6,-6.6
0.0,0.0,-7.6,-6.6
0.0,0.0,-7.6,-6.6
0.0,0.0,-7.6,-6.6
0.0,0.0,-7.6,-6.6
0.0,0.0,-7.6,-6.6
0.0,0.0,-7.6,-6.6
0.0,0.0,-7.6,-6.6
0.0,0.0,-7.8,-6.6
0.0,0.0,-7.8,-6.6
0.0,0.0,-7.8,-6.6
0.0,0.0,-7.8,-6.6
0.0,0.0,-7.6,-6.6
0.0,0.0,-7.6,-6.6
0.0,0.0,-7.6,-6.6
0.0,0.0,-7.6,-6.6
0.0,0.0,-7.6,-6.6
0.0,0.0,-7.5,-6.7
0.0,0.0,-7.5,-6.7
0.0,0.0,-7.5,-6.7
0.0,0.0,-7.4,-6.7
0.0,0.0,-7.4,-6.7
0.0,0.0,-7.0,-5.6
0.0,0.0,-7.0,-5.6
0.0,0.0,-7.0,-5.6
0.0,0.0,-7.0,-5.6
0.0,0.0,-7.0,-5.6
